uri:/instrument/1.0/ELOS/chartdata;type=quote;range=1d/csv
ticker:elos
Company-Name:Syneron Medical Ltd.
Exchange-Name:NMS
unit:MIN
timezone:EDT
currency:USD
gmtoffset:-14400
previous_close:12.5900
Timestamp:1431523800,1431547200
labels:1431525600,1431529200,1431532800,1431536400,1431540000,1431543600,1431547200
values:Timestamp,close,high,low,open,volume
close:11.7900,12.9000
high:11.8250,12.9000
low:11.7900,12.8250
open:11.7900,12.8430
volume:100,25000
1431523846,12.9000,12.9000,12.8250,12.8430,11200
1431523896,12.7150,12.7150,12.6400,12.6400,2000
1431523966,12.6500,12.6800,12.6100,12.6300,1600
1431524013,12.6450,12.6800,12.6450,12.6799,800
1431524096,12.6900,12.7000,12.6800,12.6800,2100
1431524217,12.6200,12.6800,12.6200,12.6800,600
1431524231,12.6200,12.6300,12.5800,12.6200,1600
1431524327,12.4850,12.4968,12.4800,12.4800,2200
1431524396,12.6000,12.6000,12.5200,12.5200,1500
1431524453,12.6200,12.6200,12.6000,12.6100,500
1431524504,12.6600,12.6600,12.6600,12.6600,100
1431524551,12.5000,12.6000,12.5000,12.6000,2000
1431524632,12.4100,12.4200,12.4100,12.4200,400
1431524678,12.3606,12.3606,12.3600,12.3600,1100
1431524732,12.3900,12.4200,12.3900,12.4100,1300
1431524815,12.3900,12.4500,12.3900,12.4500,800
1431524835,12.3900,12.3900,12.3000,12.3500,500
1431524938,12.2650,12.2650,12.2400,12.2650,600
1431524985,12.0450,12.2700,12.0450,12.2650,9500
1431525046,12.1400,12.1600,12.0400,12.1100,4600
1431525088,12.1800,12.1800,12.1700,12.1700,200
1431525120,12.2200,12.2200,12.2200,12.2200,300
1431525299,12.1000,12.1400,12.0900,12.1400,1300
1431525308,12.0600,12.1100,12.0600,12.1000,900
1431525458,12.0000,12.0000,11.9900,11.9900,200
1431525527,11.9112,12.0410,11.9101,12.0410,5600
1431525591,11.9600,11.9700,11.9600,11.9700,300
1431525649,11.9675,11.9900,11.9675,11.9800,1600
1431525664,12.0200,12.0200,12.0000,12.0000,800
1431525773,12.1000,12.1000,12.0207,12.0207,400
1431525783,12.0400,12.0600,11.9500,12.0600,4900
1431525884,12.0100,12.0900,12.0100,12.0900,600
1431525953,12.0000,12.0100,11.9700,12.0000,8500
1431525967,12.0500,12.0600,12.0100,12.0100,1300
1431526122,12.0000,12.0400,12.0000,12.0400,1100
1431526196,11.8700,11.9500,11.8500,11.9500,7300
1431526248,11.8800,11.9100,11.8500,11.9000,5200
1431526272,11.8800,11.8800,11.8800,11.8800,400
1431526356,11.9200,11.9800,11.9200,11.9800,2200
1431526498,11.9400,11.9800,11.9400,11.9400,1800
1431526509,11.9175,11.9505,11.8610,11.9505,2600
1431526589,11.9400,12.0000,11.9300,11.9700,2300
1431526721,12.0300,12.0300,12.0000,12.0000,300
1431526793,12.0100,12.0200,11.9600,12.0100,1900
1431526973,11.9600,11.9600,11.9600,11.9600,200
1431527028,11.9400,11.9400,11.9400,11.9400,100
1431527071,11.9640,11.9640,11.9640,11.9640,100
1431527158,11.9700,11.9700,11.9700,11.9700,400
1431527273,11.9300,11.9600,11.9300,11.9600,200
1431527317,11.9468,11.9468,11.9468,11.9468,300
1431527369,11.9100,11.9300,11.9100,11.9300,1000
1431527458,11.9100,11.9200,11.9100,11.9100,4000
1431527472,11.9100,11.9200,11.9100,11.9200,200
1431527564,11.9100,11.9200,11.9100,11.9100,8300
1431527634,11.9100,11.9100,11.9100,11.9100,400
1431527681,11.9100,11.9100,11.9100,11.9100,600
1431527748,11.9200,11.9200,11.9100,11.9100,900
1431527813,11.9400,11.9900,11.9000,11.9100,4800
1431527995,11.9900,11.9900,11.9900,11.9900,100
1431528197,11.9600,11.9900,11.9600,11.9900,400
1431528290,11.9720,11.9720,11.9600,11.9600,700
1431528413,11.9800,11.9800,11.9800,11.9800,600
1431528446,12.0100,12.0100,12.0100,12.0100,100
1431528524,12.0100,12.0100,12.0100,12.0100,100
1431528550,12.0300,12.0300,12.0100,12.0100,400
1431528845,12.0100,12.0100,12.0100,12.0100,200
1431529034,12.0000,12.0400,12.0000,12.0400,700
1431529289,11.9500,11.9500,11.9500,11.9500,300
1431529346,11.9100,11.9100,11.9100,11.9100,400
1431529465,11.9200,11.9200,11.9200,11.9200,200
1431529540,11.9810,11.9810,11.9810,11.9810,100
1431529605,11.9900,11.9900,11.9900,11.9900,100
1431529661,11.9600,11.9600,11.9600,11.9600,100
1431529725,11.9600,11.9600,11.9600,11.9600,200
1431529976,11.9300,11.9870,11.9100,11.9870,5400
1431529980,11.9200,11.9200,11.9200,11.9200,900
1431530232,11.9400,11.9500,11.9400,11.9500,400
1431530280,11.9200,11.9200,11.9136,11.9136,2100
1431530386,11.9100,11.9100,11.9100,11.9100,200
1431530421,11.9280,11.9280,11.9280,11.9280,100
1431530487,11.9300,11.9300,11.9100,11.9100,2200
1431530563,11.9100,11.9100,11.9000,11.9001,1200
1431530637,11.9000,11.9100,11.9000,11.9000,2700
1431530692,11.9100,11.9100,11.9000,11.9000,3000
1431530709,11.9000,11.9000,11.8900,11.9000,2600
1431530767,11.8800,11.8800,11.8800,11.8800,200
1431530913,11.8800,11.8800,11.8800,11.8800,100
1431530999,11.8800,11.8800,11.8800,11.8800,800
1431531057,11.7900,11.8800,11.7900,11.8800,17600
1431531109,11.8000,11.8300,11.7900,11.8300,600
1431531171,11.8225,11.8250,11.7900,11.7900,3500
1431531222,11.8300,11.8300,11.8300,11.8300,500
1431531270,11.8300,11.8350,11.8300,11.8300,1200
1431531304,11.8300,11.8300,11.8300,11.8300,100
1431531389,11.8380,11.8380,11.8380,11.8380,100
1431531426,11.8300,11.8300,11.8200,11.8300,400
1431531534,11.8270,11.8270,11.8100,11.8100,500
1431531599,11.8250,11.8250,11.8100,11.8100,13800
1431531621,11.8250,11.8290,11.8250,11.8290,200
1431531719,11.8200,11.8300,11.8200,11.8200,1000
1431531778,11.8200,11.8250,11.8200,11.8200,400
1431531838,11.8425,11.8425,11.8300,11.8300,1600
1431531894,11.8600,11.8900,11.8600,11.8700,600
1431531900,11.8600,11.8600,11.8600,11.8600,100
1431532145,11.8900,11.8900,11.8600,11.8700,1600
1431532240,11.8700,11.9000,11.8700,11.8800,2300
1431532319,11.8950,11.8950,11.8800,11.8800,500
1431532528,11.9060,11.9060,11.9060,11.9060,200
1431532617,11.8700,11.8700,11.8700,11.8700,200
1431532676,11.9000,11.9000,11.8700,11.8800,1100
1431532736,11.8950,11.9000,11.8950,11.9000,1000
1431532769,11.8850,11.8850,11.8850,11.8850,100
1431532854,11.8900,11.9000,11.8900,11.9000,400
1431532917,11.9000,11.9000,11.8800,11.8800,600
1431533025,11.8950,11.9070,11.8875,11.9070,400
1431533091,11.9070,11.9070,11.9070,11.9070,100
1431533205,11.9070,11.9070,11.8875,11.8950,300
1431533273,11.9000,11.9000,11.9000,11.9000,200
1431533334,11.9000,11.9000,11.8900,11.9000,1000
1431533393,11.8900,11.9100,11.8900,11.8950,500
1431533458,11.9000,11.9000,11.9000,11.9000,400
1431533506,11.9000,11.9000,11.9000,11.9000,100
1431533578,11.9100,11.9100,11.9000,11.9000,1500
1431533612,11.9000,11.9100,11.9000,11.9100,600
1431533655,11.9200,11.9200,11.9200,11.9200,100
1431533728,11.9000,11.9150,11.9000,11.9000,700
1431533863,11.9000,11.9000,11.9000,11.9000,100
1431533955,11.9200,11.9200,11.9000,11.9000,700
1431534053,11.9000,11.9300,11.9000,11.9300,600
1431534130,11.9000,11.9199,11.8900,11.8900,1000
1431534207,11.8800,11.8800,11.8705,11.8705,500
1431534296,11.8700,11.8700,11.8700,11.8700,200
1431534416,11.8550,11.8550,11.8400,11.8400,200
1431534432,11.8600,11.8600,11.8500,11.8500,200
1431534598,11.8650,11.8700,11.8550,11.8550,900
1431534654,11.8600,11.8600,11.8600,11.8600,2000
1431534707,11.8500,11.8500,11.8500,11.8500,100
1431534810,11.8450,11.8450,11.8450,11.8450,100
1431534897,11.8300,11.8400,11.8300,11.8350,800
1431535018,11.8300,11.8300,11.8300,11.8300,300
1431535078,11.8700,11.8700,11.8390,11.8390,2600
1431535239,11.8800,11.8800,11.8790,11.8790,300
1431535380,11.8700,11.8700,11.8700,11.8700,400
1431535526,11.8600,11.8600,11.8600,11.8600,100
1431535595,11.8700,11.8700,11.8500,11.8500,600
1431535634,11.8800,11.8800,11.8800,11.8800,100
1431535684,11.9000,11.9000,11.9000,11.9000,600
1431535854,11.9000,11.9000,11.9000,11.9000,400
1431535991,11.8600,11.8600,11.8600,11.8600,100
1431536086,11.8750,11.8750,11.8750,11.8750,25000
1431536157,11.8800,11.8800,11.8700,11.8800,300
1431536214,11.8900,11.9000,11.8900,11.9000,500
1431536279,11.8900,11.8900,11.8900,11.8900,500
1431536312,11.9200,11.9200,11.9100,11.9200,400
1431536625,11.9300,11.9300,11.9300,11.9300,500
1431536673,11.9600,11.9600,11.9500,11.9500,200
1431536748,12.0000,12.0000,11.9700,11.9700,1300
1431536812,12.0000,12.0100,12.0000,12.0000,600
1431536877,12.0000,12.0000,12.0000,12.0000,100
1431537197,11.9400,11.9400,11.9400,11.9400,200
1431537447,11.9760,11.9760,11.9760,11.9760,100
1431537502,11.9400,11.9400,11.9400,11.9400,200
1431537660,11.9400,11.9600,11.9400,11.9600,400
1431537833,11.9100,11.9100,11.9100,11.9100,200
1431537893,11.9400,11.9400,11.9400,11.9400,400
1431538316,11.9100,11.9100,11.9100,11.9100,100
1431538323,11.9500,11.9500,11.9500,11.9500,200
1431538490,11.9660,11.9660,11.9660,11.9660,100
1431538518,11.9500,11.9700,11.9300,11.9700,2100
1431538734,11.9000,11.9000,11.9000,11.9000,100
1431538792,11.9000,11.9360,11.9000,11.9360,300
1431538809,11.9000,11.9000,11.9000,11.9000,600
1431539139,11.9000,11.9000,11.9000,11.9000,100
1431539255,11.8800,11.8800,11.8800,11.8800,100
1431539317,11.9000,11.9100,11.8900,11.9000,1100
1431539448,11.9100,11.9100,11.9100,11.9100,200
1431539675,11.8800,11.9100,11.8800,11.9100,500
1431539708,11.9300,11.9300,11.9300,11.9300,100
1431539907,11.9400,11.9400,11.9400,11.9400,100
1431540114,11.9400,11.9400,11.9400,11.9400,100
1431540233,11.9350,11.9350,11.9350,11.9350,100
1431540355,11.9260,11.9260,11.9260,11.9260,100
1431540370,11.9000,11.9000,11.8900,11.9000,1100
1431540467,11.9100,11.9100,11.8800,11.8800,500
1431540514,11.8800,11.8800,11.8800,11.8800,300
1431540570,11.9000,11.9000,11.8800,11.8800,200
1431540701,11.8600,11.8850,11.8600,11.8850,200
1431540777,11.8700,11.8700,11.8700,11.8700,100
1431540839,11.8700,11.8700,11.8700,11.8700,100
1431540986,11.8900,11.9000,11.8900,11.9000,300
1431541070,11.9100,11.9100,11.9100,11.9100,200
1431541118,11.9000,11.9000,11.9000,11.9000,100
1431541219,11.8950,11.8950,11.8800,11.8800,1000
1431541313,11.9100,11.9100,11.8900,11.8900,1200
1431541335,11.9300,11.9300,11.9300,11.9300,100
1431541412,11.9200,11.9200,11.9200,11.9200,200
1431541472,11.9200,11.9200,11.9200,11.9200,100
1431541540,11.9300,11.9300,11.9300,11.9300,200
1431541637,11.9430,11.9430,11.9430,11.9430,200
1431541884,11.8800,11.8800,11.8800,11.8800,100
1431541943,11.8700,11.9000,11.8700,11.9000,1000
1431542134,11.8500,11.8500,11.8500,11.8500,100
1431542218,11.8850,11.8850,11.8850,11.8850,200
1431542457,11.9200,11.9200,11.9200,11.9200,100
1431542604,11.9200,11.9200,11.9200,11.9200,100
1431542694,11.9200,11.9200,11.8950,11.8950,200
1431542759,11.9000,11.9200,11.8925,11.8925,300
1431542783,11.9640,11.9640,11.9600,11.9600,300
1431542870,11.9550,11.9550,11.9550,11.9550,100
1431542906,11.9200,11.9200,11.9200,11.9200,300
1431542962,11.9100,11.9100,11.9100,11.9100,200
1431543105,11.8700,11.8900,11.8700,11.8900,200
1431543232,11.8700,11.9100,11.8700,11.9099,800
1431543316,11.9100,11.9100,11.8900,11.8900,900
1431543371,11.9000,11.9250,11.9000,11.9250,200
1431543465,11.9600,11.9600,11.9500,11.9500,600
1431543491,11.9400,11.9400,11.9400,11.9400,200
1431543610,11.9100,11.9100,11.9100,11.9100,100
1431543701,11.9500,11.9500,11.9500,11.9500,100
1431543752,11.9200,11.9499,11.9200,11.9499,1000
1431543835,11.9000,11.9400,11.9000,11.9400,800
1431543860,11.9300,11.9300,11.9300,11.9300,400
1431543927,11.9000,11.9300,11.9000,11.9300,300
1431544006,11.9150,11.9200,11.8800,11.9200,700
1431544066,11.8700,11.8700,11.8700,11.8700,200
1431544126,11.8500,11.8500,11.8500,11.8500,100
1431544151,11.8500,11.8500,11.8500,11.8500,100
1431544313,11.8660,11.9000,11.8660,11.9000,900
1431544410,11.8850,11.8850,11.8850,11.8850,100
1431544506,11.9200,11.9400,11.8700,11.8700,2300
1431544586,11.8900,11.9200,11.8900,11.9100,600
1431544655,11.9200,11.9200,11.9100,11.9100,800
1431544790,11.9000,11.9400,11.9000,11.9400,200
1431544815,11.9250,11.9400,11.9250,11.9400,400
1431544969,11.9100,11.9500,11.9100,11.9500,400
1431545001,11.9400,11.9400,11.9400,11.9400,200
1431545131,11.9100,11.9100,11.9100,11.9100,300
1431545187,11.9300,11.9300,11.9300,11.9300,500
1431545245,11.9300,11.9300,11.9300,11.9300,200
1431545281,11.9300,11.9400,11.9300,11.9400,300
1431545368,11.9300,11.9300,11.9300,11.9300,500
1431545426,11.9600,11.9600,11.9600,11.9600,200
1431545516,11.9500,11.9600,11.9500,11.9600,500
1431545667,12.0000,12.0000,11.9400,11.9600,1300
1431545746,11.9400,11.9900,11.9400,11.9900,1500
1431545861,11.9400,11.9800,11.9400,11.9800,700
1431545929,11.9300,11.9600,11.9300,11.9300,1000
1431545940,11.9400,11.9400,11.9300,11.9300,700
1431546022,11.9400,11.9400,11.9400,11.9400,100
1431546075,11.9200,11.9200,11.9200,11.9200,200
1431546226,11.9200,11.9400,11.9200,11.9400,900
1431546240,11.9100,11.9100,11.9100,11.9100,500
1431546329,11.8700,11.9100,11.8700,11.9000,3600
1431546382,11.8550,11.8550,11.8500,11.8500,300
1431546533,11.8200,11.8500,11.8100,11.8400,3500
1431546541,11.8200,11.8500,11.8200,11.8500,400
1431546632,11.8400,11.8700,11.8300,11.8500,4600
1431546708,11.8400,11.8600,11.8200,11.8600,5400
1431546765,11.8600,11.8600,11.8600,11.8600,1100
1431546839,11.8800,11.9000,11.8800,11.8900,1500
1431546891,11.8450,11.8700,11.8100,11.8700,5500
1431546955,11.8750,11.9200,11.8500,11.8500,18800
1431547010,11.8400,11.8800,11.8400,11.8600,5800
1431547079,11.9000,11.9000,11.8500,11.8500,13700
1431547134,11.8900,11.9100,11.8700,11.8900,10600
1431547195,11.9200,11.9200,11.8900,11.8900,4700
1431547200,11.9000,11.9000,11.9000,11.9000,1100
                                                                                                                                                                       