uri:/instrument/1.0/IBKC/chartdata;type=quote;range=1d/csv
ticker:ibkc
Company-Name:IBERIABANK Corporation
Exchange-Name:NMS
unit:MIN
timezone:EDT
currency:USD
gmtoffset:-14400
previous_close:64.5500
Timestamp:1431523800,1431547200
labels:1431525600,1431529200,1431532800,1431536400,1431540000,1431543600,1431547200
values:Timestamp,close,high,low,open,volume
close:64.0400,64.8200
high:64.0700,64.8200
low:64.0300,64.8200
open:64.0300,64.8200
volume:100,9900
1431523849,64.8200,64.8200,64.8200,64.8200,4500
1431524867,64.3000,64.4200,64.3000,64.3900,1000
1431525378,64.3600,64.3600,64.3600,64.3600,600
1431525642,64.4000,64.4900,64.4000,64.4900,300
1431525707,64.3000,64.3000,64.2200,64.2200,900
1431525720,64.3500,64.3500,64.3000,64.3000,200
1431525793,64.3900,64.3900,64.3000,64.3750,800
1431525896,64.3600,64.3600,64.3600,64.3600,200
1431525967,64.3700,64.3700,64.3600,64.3700,600
1431526198,64.3600,64.3600,64.3600,64.3600,300
1431526201,64.3200,64.3200,64.3200,64.3200,100
1431526265,64.3600,64.3600,64.3600,64.3600,100
1431526371,64.3250,64.3600,64.3200,64.3600,600
1431526422,64.2900,64.3250,64.2900,64.3250,200
1431526498,64.2600,64.3450,64.2600,64.3250,1600
1431526603,64.3050,64.3050,64.3050,64.3050,100
1431526715,64.3000,64.3000,64.3000,64.3000,100
1431526810,64.1800,64.1800,64.1800,64.1800,500
1431526910,64.1400,64.1400,64.1400,64.1400,400
1431526974,64.1500,64.1500,64.1200,64.1200,2500
1431527364,64.1500,64.3250,64.1500,64.3250,1400
1431527508,64.3250,64.3250,64.3250,64.3250,100
1431527684,64.2000,64.2250,64.0700,64.1400,1100
1431527932,64.2850,64.2850,64.2400,64.2400,500
1431527949,64.2800,64.2800,64.2750,64.2750,200
1431528259,64.2450,64.2450,64.1600,64.2000,1400
1431528456,64.2900,64.2900,64.2100,64.2100,500
1431528533,64.3000,64.3000,64.2900,64.3000,400
1431528584,64.2500,64.2800,64.2500,64.2600,700
1431528604,64.1900,64.1900,64.1900,64.1900,200
1431529041,64.1900,64.2100,64.1900,64.2100,200
1431529081,64.1800,64.1800,64.1800,64.1800,200
1431529221,64.0700,64.1100,64.0700,64.0700,1400
1431529277,64.0700,64.0700,64.0300,64.0300,400
1431529358,64.1500,64.1500,64.1500,64.1500,100
1431529438,64.0400,64.0800,64.0400,64.0800,300
1431529445,64.0800,64.0800,64.0400,64.0400,200
1431530028,64.0900,64.0900,64.0900,64.0900,100
1431530153,64.1100,64.1700,64.1100,64.1700,200
1431530209,64.1600,64.1600,64.1600,64.1600,100
1431530298,64.2200,64.2200,64.1700,64.1700,300
1431530649,64.3400,64.3700,64.2800,64.2800,600
1431530716,64.3000,64.3000,64.3000,64.3000,100
1431530855,64.2230,64.2300,64.1900,64.1900,800
1431531174,64.3000,64.3000,64.3000,64.3000,100
1431531219,64.3700,64.3700,64.2700,64.2700,400
1431531415,64.3301,64.3301,64.3301,64.3301,600
1431531585,64.4050,64.4050,64.4050,64.4050,100
1431531724,64.3600,64.4159,64.3600,64.3600,900
1431531835,64.4900,64.4900,64.4000,64.4000,2300
1431531885,64.4400,64.4800,64.4400,64.4800,1200
1431532410,64.4800,64.5150,64.4800,64.4800,500
1431532488,64.5150,64.5500,64.5150,64.5500,400
1431532614,64.6000,64.6675,64.5600,64.5600,500
1431532761,64.6700,64.6700,64.6700,64.6700,400
1431532880,64.6020,64.6020,64.6000,64.6000,200
1431532972,64.6500,64.6800,64.6000,64.6550,600
1431533037,64.5800,64.6080,64.5800,64.6000,800
1431533160,64.6100,64.6100,64.5500,64.5750,6100
1431533224,64.6100,64.6200,64.6100,64.6200,500
1431533370,64.7000,64.7100,64.6350,64.6350,500
1431533796,64.7200,64.7200,64.7200,64.7200,100
1431534137,64.7300,64.7300,64.7300,64.7300,100
1431534228,64.6700,64.7300,64.6700,64.6800,800
1431534363,64.6300,64.7000,64.6300,64.7000,400
1431534428,64.5800,64.6100,64.5800,64.6000,700
1431535841,64.6700,64.6700,64.6700,64.6700,200
1431535901,64.6800,64.6800,64.6800,64.6800,100
1431535921,64.6100,64.6100,64.6100,64.6100,100
1431536077,64.5900,64.5900,64.5900,64.5900,100
1431536134,64.6150,64.6150,64.6100,64.6100,200
1431536163,64.6100,64.6100,64.6100,64.6100,100
1431536272,64.6800,64.6800,64.6800,64.6800,100
1431536339,64.6150,64.6150,64.6150,64.6150,100
1431536433,64.5700,64.5700,64.5700,64.5700,100
1431536501,64.7400,64.7400,64.6800,64.6800,600
1431536615,64.8000,64.8000,64.8000,64.8000,100
1431537069,64.6900,64.6900,64.6900,64.6900,100
1431537173,64.7080,64.7080,64.7080,64.7080,100
1431537303,64.6300,64.7050,64.6300,64.7050,500
1431537802,64.7300,64.7300,64.7300,64.7300,100
1431538480,64.6100,64.6650,64.5600,64.6600,3700
1431538514,64.5400,64.6400,64.5300,64.6300,800
1431538582,64.6397,64.6397,64.6397,64.6397,100
1431538627,64.6300,64.6300,64.6300,64.6300,400
1431538859,64.5250,64.6450,64.4100,64.6450,9900
1431538916,64.4900,64.5800,64.4900,64.5800,200
1431538966,64.6400,64.6400,64.5800,64.5800,500
1431539054,64.6500,64.6500,64.6500,64.6500,200
1431539916,64.6000,64.7000,64.6000,64.7000,200
1431539996,64.7100,64.7100,64.7100,64.7100,200
1431540350,64.6450,64.6900,64.6450,64.6900,200
1431540547,64.6900,64.6900,64.6900,64.6900,100
1431540646,64.5900,64.6900,64.5900,64.6900,1600
1431540905,64.6800,64.6800,64.6800,64.6800,200
1431541019,64.5540,64.5600,64.5400,64.5600,700
1431541038,64.6500,64.6500,64.6500,64.6500,100
1431541546,64.6200,64.6200,64.6200,64.6200,100
1431541910,64.5500,64.5500,64.5500,64.5500,100
1431542024,64.5700,64.5900,64.5700,64.5800,600
1431542076,64.6100,64.6100,64.6100,64.6100,100
1431542124,64.5800,64.5800,64.5800,64.5800,100
1431542205,64.5800,64.5800,64.5800,64.5800,100
1431542274,64.6200,64.6200,64.5600,64.5600,300
1431542327,64.5900,64.5900,64.5900,64.5900,200
1431542523,64.6500,64.6500,64.6500,64.6500,100
1431542647,64.6300,64.6300,64.6300,64.6300,100
1431542751,64.6200,64.6200,64.6200,64.6200,100
1431542778,64.6300,64.6300,64.6300,64.6300,200
1431542872,64.6200,64.6200,64.6100,64.6200,400
1431542923,64.6800,64.6800,64.6600,64.6600,300
1431542953,64.6500,64.6500,64.6500,64.6500,100
1431543059,64.6600,64.6600,64.6600,64.6600,300
1431543087,64.6800,64.6800,64.6800,64.6800,200
1431543175,64.6400,64.6400,64.6200,64.6200,400
1431543409,64.5800,64.5800,64.5400,64.5600,500
1431543545,64.5900,64.6300,64.5600,64.6300,1300
1431543623,64.5900,64.5900,64.5900,64.5900,100
1431543716,64.6200,64.6200,64.6100,64.6100,800
1431543833,64.6200,64.6200,64.6200,64.6200,100
1431543874,64.6200,64.6200,64.6200,64.6200,100
1431544007,64.6700,64.6700,64.6700,64.6700,200
1431544033,64.6500,64.6500,64.6400,64.6400,300
1431544111,64.6300,64.6300,64.6200,64.6200,600
1431544151,64.6300,64.6300,64.6300,64.6300,100
1431544201,64.5800,64.5800,64.5800,64.5800,300
1431544300,64.6200,64.6200,64.6200,64.6200,500
1431544409,64.5800,64.6000,64.5800,64.6000,200
1431544498,64.5800,64.6300,64.5800,64.6300,800
1431544593,64.6150,64.6300,64.6150,64.6300,200
1431544795,64.6300,64.6300,64.6300,64.6300,400
1431544837,64.5600,64.6000,64.5600,64.6000,800
1431544934,64.5800,64.5800,64.5800,64.5800,100
1431545078,64.5900,64.5900,64.5700,64.5700,300
1431545100,64.5900,64.6100,64.5900,64.6100,500
1431545162,64.5900,64.5900,64.5900,64.5900,100
1431545326,64.5900,64.5900,64.5800,64.5900,400
1431545376,64.6200,64.6200,64.5400,64.5400,200
1431545447,64.5900,64.5900,64.5800,64.5800,200
1431545486,64.5300,64.5500,64.5300,64.5500,700
1431545677,64.5700,64.5700,64.5700,64.5700,800
1431545739,64.5400,64.5500,64.5400,64.5500,700
1431545819,64.5600,64.5600,64.5400,64.5400,200
1431545877,64.5900,64.5900,64.5900,64.5900,100
1431545936,64.5400,64.5900,64.5300,64.5900,1100
1431545948,64.5500,64.5700,64.5500,64.5700,500
1431546045,64.5800,64.5800,64.5800,64.5800,100
1431546089,64.5600,64.5700,64.5600,64.5700,300
1431546192,64.5700,64.5900,64.5700,64.5700,800
1431546270,64.5900,64.5900,64.5900,64.5900,200
1431546301,64.5600,64.5900,64.5100,64.5300,1700
1431546465,64.5400,64.5900,64.5400,64.5472,500
1431546520,64.5500,64.5600,64.5500,64.5550,400
1431546564,64.5500,64.5500,64.5500,64.5500,200
1431546615,64.6000,64.6000,64.5500,64.5500,300
1431546715,64.5200,64.5600,64.5200,64.5600,400
1431546764,64.5300,64.5400,64.5300,64.5400,500
1431546796,64.5200,64.5200,64.5200,64.5200,200
1431546896,64.5300,64.5500,64.4800,64.5300,1200
1431546955,64.5900,64.6000,64.5300,64.5300,900
1431547018,64.5800,64.5900,64.5200,64.5700,400
1431547049,64.5800,64.5800,64.5200,64.5200,300
1431547115,64.5100,64.5500,64.4900,64.5500,2800
1431547144,64.4900,64.4900,64.4900,64.4900,300
1431547198,64.5800,64.6000,64.4700,64.4800,5000
1431547200,64.5200,64.5200,64.5200,64.5200,200
                                                                                                                                     