uri:/instrument/1.0/QSII/chartdata;type=quote;range=1d/csv
ticker:qsii
Company-Name:Quality Systems, Inc.
Exchange-Name:NMS
unit:MIN
timezone:EDT
currency:USD
gmtoffset:-14400
previous_close:15.5800
Timestamp:1431523800,1431547200
labels:1431525600,1431529200,1431532800,1431536400,1431540000,1431543600,1431547200
values:Timestamp,close,high,low,open,volume
close:15.4700,15.7600
high:15.4800,15.7600
low:15.4500,15.7500
open:15.4700,15.7600
volume:100,17900
1431523891,15.5000,15.5000,15.4900,15.5000,17900
1431523996,15.5200,15.5200,15.5100,15.5100,2000
1431524147,15.5460,15.5460,15.5401,15.5401,1400
1431524251,15.6700,15.6700,15.5900,15.5900,2300
1431524317,15.6500,15.6500,15.6500,15.6500,300
1431524372,15.6900,15.6900,15.6900,15.6900,100
1431524567,15.6400,15.6400,15.6300,15.6300,1200
1431524696,15.6100,15.6100,15.6100,15.6100,100
1431524714,15.6200,15.6200,15.6200,15.6200,200
1431524801,15.6100,15.6100,15.6100,15.6100,200
1431524837,15.6400,15.6400,15.6400,15.6400,100
1431525037,15.6300,15.6700,15.6200,15.6500,600
1431525258,15.7100,15.7100,15.7100,15.7100,100
1431525300,15.6800,15.6800,15.6800,15.6800,100
1431525414,15.6400,15.6400,15.6400,15.6400,200
1431525453,15.6300,15.6500,15.6100,15.6500,700
1431525525,15.5700,15.6100,15.5700,15.6100,500
1431525542,15.5900,15.5900,15.5700,15.5700,300
1431525629,15.5600,15.5600,15.5600,15.5600,300
1431525734,15.5200,15.5200,15.5200,15.5200,100
1431525820,15.5200,15.5200,15.5200,15.5200,100
1431525956,15.5600,15.5600,15.5600,15.5600,200
1431526011,15.5700,15.5700,15.5700,15.5700,300
1431526034,15.6050,15.6050,15.6050,15.6050,100
1431526163,15.5800,15.6400,15.5800,15.6400,200
1431526557,15.5700,15.5900,15.5700,15.5900,500
1431526717,15.5300,15.5300,15.5300,15.5300,400
1431526745,15.5200,15.5200,15.5200,15.5200,100
1431526826,15.5100,15.5300,15.5100,15.5200,900
1431527004,15.5000,15.5000,15.5000,15.5000,300
1431527093,15.5000,15.5000,15.5000,15.5000,100
1431527137,15.5200,15.5200,15.5200,15.5200,400
1431527219,15.5050,15.5200,15.4900,15.5200,800
1431527257,15.4900,15.4900,15.4900,15.4900,200
1431527287,15.5000,15.5000,15.5000,15.5000,600
1431527381,15.4700,15.4800,15.4700,15.4800,600
1431527503,15.4800,15.4900,15.4800,15.4800,400
1431527533,15.4800,15.4800,15.4750,15.4800,1300
1431527608,15.4800,15.4800,15.4700,15.4800,1800
1431527641,15.4800,15.4800,15.4800,15.4800,100
1431527728,15.4700,15.4800,15.4600,15.4750,2000
1431527763,15.4800,15.4800,15.4800,15.4800,500
1431527850,15.4800,15.4800,15.4600,15.4750,900
1431528005,15.5350,15.5350,15.4900,15.4900,1800
1431528205,15.5400,15.5400,15.5400,15.5400,800
1431528242,15.5200,15.5400,15.5200,15.5400,1500
1431528408,15.5100,15.5100,15.5100,15.5100,100
1431528527,15.5025,15.5100,15.5000,15.5100,500
1431528584,15.5000,15.5000,15.5000,15.5000,300
1431528710,15.5100,15.5100,15.5100,15.5100,600
1431528795,15.5000,15.5050,15.5000,15.5050,400
1431528936,15.5400,15.5400,15.5050,15.5100,3000
1431529016,15.5500,15.5500,15.5450,15.5500,700
1431529086,15.5500,15.5500,15.5500,15.5500,100
1431529162,15.5400,15.5400,15.5400,15.5400,1200
1431529274,15.4800,15.4900,15.4600,15.4700,2300
1431529346,15.5000,15.5000,15.4900,15.4900,400
1431529476,15.4800,15.4800,15.4500,15.4700,2400
1431529522,15.5000,15.5000,15.4900,15.4900,1400
1431529678,15.5000,15.5000,15.5000,15.5000,1100
1431529727,15.4800,15.5000,15.4800,15.5000,1300
1431529756,15.4800,15.4800,15.4800,15.4800,400
1431530138,15.4800,15.4800,15.4700,15.4700,1000
1431530205,15.4900,15.4900,15.4900,15.4900,100
1431530231,15.4900,15.5000,15.4800,15.4800,3900
1431530305,15.5400,15.5600,15.5400,15.5400,600
1431530501,15.5400,15.5600,15.5300,15.5400,1700
1431530629,15.5400,15.5400,15.5400,15.5400,700
1431530664,15.5300,15.5300,15.5300,15.5300,500
1431530750,15.5200,15.5350,15.5200,15.5350,400
1431530816,15.5200,15.5200,15.5200,15.5200,1000
1431530932,15.4800,15.4800,15.4800,15.4800,200
1431530952,15.4900,15.4900,15.4900,15.4900,500
1431531112,15.4900,15.4900,15.4900,15.4900,400
1431531221,15.4900,15.4900,15.4900,15.4900,300
1431531244,15.5000,15.5300,15.5000,15.5100,2600
1431531416,15.5600,15.5600,15.5600,15.5600,100
1431531445,15.5400,15.5600,15.5400,15.5600,300
1431531518,15.5600,15.5600,15.5600,15.5600,100
1431531558,15.5600,15.5600,15.5600,15.5600,100
1431531712,15.5200,15.5400,15.5200,15.5400,3100
1431531771,15.5200,15.5200,15.5200,15.5200,200
1431531828,15.5100,15.5100,15.5100,15.5100,300
1431531899,15.5000,15.5000,15.5000,15.5000,100
1431531956,15.5100,15.5100,15.5100,15.5100,100
1431531992,15.5100,15.5100,15.5100,15.5100,100
1431532066,15.5000,15.5000,15.5000,15.5000,600
1431532138,15.5100,15.5200,15.5000,15.5000,600
1431532170,15.5100,15.5100,15.5100,15.5100,200
1431532295,15.5000,15.5100,15.5000,15.5100,500
1431532424,15.4900,15.5000,15.4900,15.5000,500
1431532443,15.5000,15.5100,15.5000,15.5100,400
1431532507,15.4900,15.4900,15.4900,15.4900,100
1431532618,15.4900,15.4900,15.4900,15.4900,100
1431532679,15.5000,15.5000,15.4900,15.4900,600
1431532688,15.5250,15.5250,15.5000,15.5000,1700
1431532764,15.5100,15.5100,15.5100,15.5100,300
1431532919,15.5300,15.5300,15.5300,15.5300,100
1431532954,15.5300,15.5300,15.5300,15.5300,100
1431533030,15.5300,15.5300,15.5300,15.5300,100
1431533268,15.5600,15.5600,15.5550,15.5550,400
1431533335,15.5900,15.5900,15.5600,15.5600,300
1431533412,15.5900,15.5900,15.5900,15.5900,200
1431533654,15.6200,15.6200,15.6200,15.6200,100
1431533731,15.5900,15.5900,15.5900,15.5900,100
1431533825,15.6200,15.6200,15.6200,15.6200,100
1431533932,15.5900,15.6200,15.5900,15.6000,500
1431534005,15.6200,15.6200,15.6200,15.6200,300
1431534123,15.6300,15.6300,15.6200,15.6200,1400
1431534227,15.6000,15.6100,15.6000,15.6100,300
1431534286,15.6100,15.6100,15.5900,15.6000,400
1431534416,15.6000,15.6000,15.6000,15.6000,300
1431534430,15.5900,15.5900,15.5900,15.5900,400
1431534600,15.6000,15.6000,15.5900,15.5900,400
1431534668,15.6200,15.6200,15.6200,15.6200,300
1431534768,15.6000,15.6000,15.6000,15.6000,200
1431534964,15.6200,15.6200,15.6200,15.6200,100
1431535161,15.6300,15.6300,15.6300,15.6300,500
1431535205,15.6400,15.6400,15.6400,15.6400,400
1431535417,15.6210,15.6210,15.6210,15.6210,100
1431535702,15.6400,15.6500,15.6400,15.6400,1400
1431535796,15.6500,15.6500,15.6500,15.6500,700
1431535806,15.6500,15.6500,15.6500,15.6500,400
1431535905,15.6500,15.6500,15.6500,15.6500,100
1431535976,15.6700,15.6700,15.6500,15.6600,1300
1431535992,15.6900,15.6900,15.6780,15.6780,300
1431536092,15.6900,15.6900,15.6900,15.6900,100
1431536258,15.6900,15.6900,15.6900,15.6900,100
1431536407,15.6900,15.7000,15.6900,15.6900,1000
1431536513,15.7200,15.7200,15.7100,15.7100,300
1431536565,15.7200,15.7200,15.7200,15.7200,400
1431536596,15.7300,15.7300,15.7300,15.7300,200
1431536655,15.7400,15.7400,15.7400,15.7400,500
1431536731,15.7300,15.7500,15.7300,15.7300,1100
1431536803,15.7300,15.7300,15.7300,15.7300,200
1431536998,15.7500,15.7500,15.7500,15.7500,200
1431537290,15.7404,15.7404,15.7404,15.7404,100
1431537328,15.7500,15.7500,15.7500,15.7500,100
1431537383,15.7400,15.7500,15.7400,15.7400,700
1431537478,15.7200,15.7300,15.7200,15.7300,400
1431537492,15.7100,15.7100,15.7100,15.7100,200
1431537653,15.6900,15.6900,15.6900,15.6900,100
1431537804,15.7000,15.7000,15.7000,15.7000,600
1431537842,15.7000,15.7000,15.7000,15.7000,100
1431538014,15.7000,15.7000,15.7000,15.7000,400
1431538029,15.7100,15.7100,15.7100,15.7100,100
1431538236,15.7100,15.7200,15.7100,15.7200,400
1431538548,15.7100,15.7200,15.7100,15.7200,900
1431538604,15.7200,15.7200,15.7000,15.7100,1000
1431538635,15.7200,15.7250,15.7200,15.7250,200
1431538717,15.7200,15.7300,15.7200,15.7300,200
1431538799,15.7300,15.7300,15.7300,15.7300,400
1431539006,15.7400,15.7400,15.7400,15.7400,300
1431539059,15.7300,15.7400,15.7300,15.7400,1000
1431539225,15.7300,15.7300,15.7300,15.7300,200
1431539302,15.7369,15.7369,15.7369,15.7369,100
1431539348,15.7600,15.7600,15.7500,15.7500,800
1431539479,15.7500,15.7600,15.7400,15.7600,1000
1431539575,15.7300,15.7300,15.7300,15.7300,100
1431539643,15.7300,15.7300,15.7300,15.7300,100
1431539842,15.7400,15.7400,15.7330,15.7330,1000
1431539938,15.7500,15.7500,15.7400,15.7400,700
1431540008,15.7500,15.7500,15.7500,15.7500,300
1431540302,15.7400,15.7500,15.7300,15.7300,900
1431540469,15.7100,15.7200,15.7100,15.7200,700
1431540507,15.7200,15.7200,15.7200,15.7200,100
1431540650,15.7200,15.7200,15.7200,15.7200,100
1431540863,15.7300,15.7300,15.7200,15.7200,400
1431541007,15.7000,15.7000,15.7000,15.7000,200
1431541195,15.7100,15.7100,15.7100,15.7100,100
1431541284,15.7000,15.7000,15.7000,15.7000,100
1431541526,15.6800,15.6800,15.6700,15.6700,1000
1431541569,15.6800,15.6800,15.6800,15.6800,100
1431541673,15.6900,15.6900,15.6900,15.6900,300
1431541728,15.6800,15.6800,15.6800,15.6800,300
1431541758,15.6700,15.6800,15.6700,15.6800,400
1431541853,15.6600,15.6800,15.6600,15.6600,1100
1431541871,15.6504,15.6504,15.6504,15.6504,100
1431541940,15.6600,15.6700,15.6600,15.6700,400
1431542023,15.6500,15.6700,15.6500,15.6600,700
1431542135,15.6690,15.6690,15.6600,15.6600,1100
1431542263,15.6750,15.6800,15.6600,15.6700,2700
1431542350,15.6800,15.6800,15.6800,15.6800,100
1431542426,15.6900,15.6900,15.6900,15.6900,100
1431542523,15.7000,15.7000,15.7000,15.7000,100
1431542638,15.7000,15.7000,15.7000,15.7000,200
1431542649,15.7100,15.7100,15.7100,15.7100,100
1431542758,15.7300,15.7300,15.7300,15.7300,400
1431542852,15.7100,15.7100,15.7000,15.7100,900
1431543045,15.7200,15.7200,15.7100,15.7100,400
1431543160,15.7038,15.7038,15.7038,15.7038,500
1431543301,15.6838,15.6838,15.6838,15.6838,600
1431543377,15.6800,15.6800,15.6800,15.6800,200
1431543428,15.6800,15.6800,15.6800,15.6800,400
1431543496,15.6700,15.6700,15.6700,15.6700,100
1431543594,15.7200,15.7200,15.6800,15.6800,1300
1431543620,15.7200,15.7300,15.7200,15.7200,400
1431543710,15.7100,15.7100,15.7100,15.7100,100
1431543778,15.7200,15.7200,15.7200,15.7200,100
1431543912,15.7200,15.7200,15.7200,15.7200,200
1431544138,15.7250,15.7250,15.7250,15.7250,100
1431544309,15.7250,15.7250,15.7200,15.7200,400
1431544396,15.7100,15.7250,15.7100,15.7250,1200
1431544451,15.7100,15.7200,15.7100,15.7200,300
1431544538,15.7000,15.7000,15.7000,15.7000,100
1431544610,15.7200,15.7200,15.7200,15.7200,100
1431544634,15.7200,15.7200,15.7080,15.7080,1200
1431544801,15.7000,15.7000,15.6900,15.7000,2000
1431544965,15.7068,15.7068,15.7068,15.7068,100
1431544993,15.7200,15.7200,15.7200,15.7200,500
1431545159,15.7100,15.7200,15.7100,15.7200,1300
1431545180,15.7200,15.7200,15.7200,15.7200,100
1431545324,15.7200,15.7200,15.7100,15.7100,200
1431545456,15.7100,15.7250,15.7100,15.7250,1200
1431545535,15.7000,15.7000,15.7000,15.7000,400
1431545613,15.7100,15.7100,15.7100,15.7100,100
1431545659,15.7100,15.7200,15.7100,15.7200,200
1431545754,15.7100,15.7100,15.7100,15.7100,300
1431545883,15.7300,15.7300,15.7100,15.7100,700
1431545942,15.7100,15.7100,15.7100,15.7100,1000
1431546017,15.7100,15.7100,15.7100,15.7100,900
1431546105,15.7000,15.7100,15.7000,15.7100,500
1431546297,15.7100,15.7100,15.7050,15.7050,600
1431546336,15.7200,15.7200,15.7100,15.7100,2500
1431546390,15.7300,15.7300,15.7250,15.7250,400
1431546420,15.7300,15.7300,15.7300,15.7300,100
1431546510,15.7300,15.7300,15.7300,15.7300,300
1431546552,15.7200,15.7200,15.7150,15.7200,1900
1431546650,15.6900,15.7100,15.6800,15.7100,2400
1431546717,15.6850,15.6850,15.6800,15.6800,900
1431546800,15.6900,15.6900,15.6800,15.6800,1100
1431546863,15.6800,15.6900,15.6800,15.6900,500
1431546948,15.6900,15.7200,15.6850,15.7200,4200
1431547076,15.7000,15.7000,15.6850,15.6850,2500
1431547124,15.6900,15.7000,15.6900,15.6950,1900
1431547147,15.7050,15.7050,15.6900,15.6950,3900
1431547200,15.7000,15.7000,15.7000,15.7000,8600
                                                                             