uri:/instrument/1.0/SNAK/chartdata;type=quote;range=500d/csv
ticker:snak
Company-Name:Inventure Foods, Inc.
Exchange-Name:NMS
unit:MIN
timezone:EDT
currency:USD
gmtoffset:-14400
previous_close:8.9600
range:20150424,1429882200,1429905600
range:20150427,1430141400,1430164800
range:20150428,1430227800,1430251200
range:20150429,1430314200,1430337600
range:20150430,1430400600,1430424000
range:20150501,1430487000,1430510400
range:20150504,1430746200,1430769600
range:20150505,1430832600,1430856000
range:20150506,1430919000,1430942400
range:20150507,1431005400,1431028800
range:20150508,1431091800,1431115200
range:20150511,1431351000,1431374400
range:20150512,1431437400,1431460800
range:20150513,1431523800,1431547200
range:20150514,1431610200,1431633600
Timestamp:1429882200,1431633600
labels:1429882200,1430141400,1430227800,1430314200,1430400600,1430487000,1430746200,1430832600,1430919000,1431005400,1431091800,1431351000,1431437400,1431523800,1431610200
values:Timestamp,close,high,low,open,volume
close:8.6500,10.7100
high:8.7100,10.7400
low:8.6400,10.6500
open:8.6450,10.7200
volume:0,163500
1429882457,8.9500,9.2500,8.9500,9.2500,53800
1429882789,8.9420,9.0400,8.8400,8.9400,55700
1429883090,8.9500,9.1100,8.9300,8.9300,30700
1429883388,8.9300,8.9800,8.9000,8.9700,30300
1429883660,8.9500,9.0200,8.9300,8.9300,69400
1429883979,8.9750,9.0600,8.9600,8.9900,64400
1429884293,8.8800,8.9700,8.8800,8.9700,23200
1429884595,8.9000,8.9699,8.8700,8.8900,31000
1429884895,8.8900,8.9700,8.8600,8.9000,24700
1429885195,8.9500,9.0000,8.8900,8.9000,19100
1429885495,8.9600,9.0000,8.9400,8.9700,6500
1429885793,8.9710,9.0000,8.9500,9.0000,9100
1429886087,8.9400,9.0000,8.9400,8.9600,30200
1429886373,8.9700,9.0000,8.9400,8.9800,12800
1429886693,8.8900,8.9800,8.8900,8.9800,9600
1429886944,8.8500,8.9300,8.8300,8.8900,24200
1429887293,8.8900,8.9000,8.8300,8.8400,13000
1429887538,8.8700,8.9000,8.8700,8.8900,4100
1429887842,8.8800,8.9800,8.8600,8.8850,12300
1429888153,8.9500,8.9500,8.8950,8.9000,10400
1429888490,8.9100,8.9600,8.8800,8.9500,12900
1429888785,8.9100,8.9500,8.9000,8.9400,5700
1429889085,8.9400,8.9400,8.8700,8.9400,5500
1429889397,8.8900,8.9500,8.8700,8.9500,22900
1429889662,8.8900,8.9000,8.8700,8.9000,3000
1429889890,8.8890,8.9000,8.8600,8.8800,7300
1429890277,8.8890,8.9000,8.8800,8.8800,3800
1429890580,8.8378,8.9000,8.8200,8.8900,17400
1429890887,8.8800,8.9000,8.8100,8.8500,12900
1429891188,8.8380,8.9000,8.8300,8.8800,12000
1429891480,8.8700,8.9000,8.8300,8.8400,17400
1429891757,8.8200,8.9000,8.8000,8.9000,20600
1429892075,8.8700,8.8700,8.8000,8.8400,20500
1429892398,8.7300,8.9000,8.7100,8.8700,29700
1429892605,8.7000,8.7300,8.6500,8.7300,10700
1429892991,8.7100,8.7500,8.6820,8.7000,7300
1429893289,8.7500,8.8099,8.7257,8.7257,9100
1429893561,8.8000,8.8100,8.7600,8.7700,5300
1429893892,8.7800,8.8200,8.7701,8.7703,6100
1429894186,8.7400,8.8200,8.7400,8.8000,6000
1429894499,8.7100,8.7500,8.7100,8.7100,2400
1429894797,8.7200,8.7400,8.7100,8.7101,7200
1429895082,8.7400,8.7400,8.7272,8.7400,8300
1429895395,8.7400,8.7400,8.7300,8.7300,3500
1429895684,8.7100,8.7500,8.7100,8.7500,2800
1429895999,8.7150,8.7200,8.7100,8.7187,6100
1429896287,8.7100,8.7200,8.7000,8.7150,6600
1429896515,8.7100,8.7200,8.7014,8.7140,4100
1429896898,8.7150,8.7470,8.7136,8.7136,10000
1429897171,8.7134,8.7266,8.7100,8.7100,6800
1429897485,8.7150,8.7300,8.7100,8.7300,4600
1429897778,8.7400,8.7400,8.7130,8.7150,22300
1429898087,8.7500,8.7500,8.7400,8.7400,8600
1429898362,8.7500,8.7500,8.7430,8.7450,2300
1429898686,8.7600,8.7700,8.7500,8.7600,12600
1429898998,8.7550,8.7700,8.7500,8.7700,11000
1429899220,8.7550,8.7700,8.7530,8.7600,3800
1429899588,8.7550,8.7600,8.7500,8.7550,2900
1429899842,8.7650,8.7800,8.7500,8.7590,4900
1429900195,8.7700,8.7800,8.7650,8.7800,2400
1429900420,8.7750,8.8000,8.7600,8.7700,5800
1429900728,8.7699,8.8000,8.7600,8.7750,14200
1429901088,8.7638,8.7700,8.7638,8.7700,500
1429901336,8.7550,8.7650,8.7500,8.7650,4000
1429901619,8.7525,8.7600,8.7500,8.7550,8400
1429901949,8.7600,8.7600,8.7500,8.7600,15100
1429902276,8.7500,8.7600,8.7500,8.7500,23100
1429902592,8.7550,8.7600,8.7500,8.7600,27700
1429902868,8.7600,8.7600,8.7500,8.7500,16100
1429903190,8.7600,8.7700,8.7500,8.7500,18200
1429903478,8.7500,8.7600,8.7500,8.7600,10900
1429903772,8.7500,8.7600,8.7400,8.7500,10100
1429904096,8.7500,8.7500,8.7400,8.7450,19800
1429904379,8.7400,8.7500,8.7400,8.7400,31500
1429904688,8.7500,8.7500,8.7400,8.7400,54800
1429904981,8.7100,8.7500,8.7100,8.7400,23900
1429905293,8.6500,8.7300,8.6400,8.7200,54400
1429905543,8.7100,8.7400,8.6400,8.6450,163500
1429905600,8.7100,8.7100,8.7100,8.7100,9000
1430141696,8.8100,8.8100,8.7950,8.7950,0
1430141999,9.0700,9.1000,8.8000,8.8050,39100
1430142282,8.9300,9.0900,8.9000,9.0700,70100
1430142562,9.0000,9.0100,8.9100,8.9300,10000
1430142897,9.0000,9.0100,8.9960,9.0100,12500
1430143090,8.9900,9.0100,8.9400,9.0000,4500
1430143463,9.0350,9.0500,9.0000,9.0000,29700
1430143777,9.0850,9.1700,9.0400,9.0400,38900
1430144056,9.0100,9.0899,9.0000,9.0600,14200
1430144246,9.0500,9.0650,9.0400,9.0600,800
1430144699,9.1801,9.2000,9.0699,9.0699,14800
1430144973,9.2100,9.2500,9.1500,9.1900,10800
1430145280,9.2400,9.2400,9.1201,9.1800,6000
1430145532,9.2200,9.2650,9.2200,9.2650,1400
1430145880,9.2200,9.2350,9.2000,9.2200,8200
1430146196,9.2200,9.2200,9.2100,9.2200,1400
1430146498,9.1700,9.2200,9.1600,9.2200,6000
1430146793,9.1000,9.1600,9.0400,9.1600,2800
1430147092,9.1600,9.1700,9.1190,9.1190,1400
1430147390,9.2000,9.2000,9.1201,9.1700,5300
1430147647,9.2100,9.2200,9.2100,9.2197,1400
1430147977,9.2000,9.2300,9.2000,9.2100,1700
1430148202,9.2100,9.2100,9.2000,9.2000,1700
1430148575,9.1900,9.2000,9.1900,9.2000,2600
1430148896,9.1600,9.1850,9.1300,9.1850,3200
1430149188,9.2000,9.2000,9.1500,9.1600,2300
1430149290,9.2000,9.2000,9.2000,9.2000,500
1430149746,9.1800,9.1950,9.1800,9.1820,900
1430150099,9.1614,9.1614,9.1614,9.1614,200
1430150362,9.1500,9.1700,9.1500,9.1500,1700
1430150569,9.1500,9.1600,9.1400,9.1500,2400
1430150959,9.1599,9.1599,9.1400,9.1400,1900
1430151236,9.0600,9.1500,9.0600,9.1400,5000
1430151540,8.9900,9.0699,8.9900,9.0500,8000
1430151889,8.9900,8.9901,8.9900,8.9901,1100
1430152171,9.0799,9.0900,8.9800,8.9850,9100
1430152450,9.0400,9.0400,9.0400,9.0400,1100
1430152720,9.0750,9.0800,9.0500,9.0800,900
1430153092,9.0200,9.0900,9.0200,9.0900,4600
1430153174,9.0300,9.0400,9.0300,9.0350,900
1430153694,9.0500,9.0500,9.0200,9.0400,2200
1430153913,9.0500,9.0500,9.0350,9.0350,400
1430154286,9.0500,9.0600,9.0300,9.0400,31400
1430154387,9.0600,9.0600,9.0600,9.0600,100
1430154897,9.0550,9.0600,9.0500,9.0600,1200
1430155183,9.1000,9.1800,9.0500,9.0550,9500
1430155421,9.1300,9.1300,9.1100,9.1241,400
1430155769,9.0900,9.1200,9.0900,9.1200,200
1430156070,9.1500,9.1500,9.1000,9.1000,2400
1430156342,9.1500,9.2200,9.1499,9.1499,12800
1430156948,9.2100,9.2400,9.1800,9.1800,2500
1430157294,9.1900,9.1900,9.1674,9.1800,5500
1430157591,9.1400,9.1900,9.1200,9.1900,26600
1430157862,9.1800,9.1800,9.1199,9.1300,2300
1430158117,9.1500,9.2300,9.1500,9.2000,3600
1430158306,9.1400,9.1500,9.1400,9.1500,600
1430158714,9.1200,9.1500,9.1200,9.1300,800
1430158906,9.1100,9.1300,9.1100,9.1300,200
1430159259,9.1400,9.1600,9.1400,9.1400,9200
1430159686,9.1400,9.1500,9.1400,9.1500,900
1430159952,9.1400,9.1450,9.1300,9.1400,7400
1430160285,9.1700,9.1800,9.1390,9.1390,5000
1430160542,9.1600,9.1900,9.1500,9.1900,4200
1430160895,9.1400,9.1800,9.1400,9.1600,2200
1430161072,9.1250,9.1500,9.1200,9.1500,1100
1430161452,9.1900,9.1900,9.1250,9.1300,7200
1430161797,9.1500,9.1900,9.1500,9.1850,4800
1430162072,9.1250,9.1500,9.1100,9.1400,10800
1430162389,9.1210,9.1400,9.1200,9.1300,7100
1430162673,9.1000,9.1300,9.0800,9.1300,6900
1430162993,9.1000,9.1200,9.0900,9.1000,1800
1430163251,9.1000,9.1500,9.0900,9.1050,9800
1430163568,9.1500,9.1500,9.0900,9.1000,3600
1430163855,9.1200,9.1500,9.1200,9.1500,3400
1430164196,9.1000,9.1400,9.1000,9.1300,9000
1430164446,9.1500,9.1600,9.0900,9.1100,11700
1430164752,9.1800,9.2000,9.1400,9.1400,13700
1430164800,9.1700,9.1700,9.1700,9.1700,5600
1430227970,9.3100,9.3300,9.2900,9.3100,0
1430228393,9.6200,9.6500,9.2850,9.2850,44500
1430228694,9.4600,9.6000,9.4300,9.5995,46500
1430228949,9.4270,9.4700,9.3701,9.4700,3300
1430229194,9.4270,9.4700,9.4000,9.4300,5500
1430229577,9.4800,9.4800,9.3900,9.4000,78300
1430229815,9.4700,9.4700,9.4000,9.4601,5700
1430230181,9.4500,9.4500,9.4250,9.4500,900
1430230499,9.4500,9.4600,9.4000,9.4600,7200
1430230782,9.4201,9.4500,9.4201,9.4500,2800
1430231053,9.4400,9.4400,9.4234,9.4300,1900
1430231247,9.5700,9.6000,9.4600,9.4600,6900
1430231692,9.6900,9.7100,9.5650,9.5700,16600
1430231970,9.6600,9.6700,9.6500,9.6700,2000
1430232282,9.7300,9.7400,9.6500,9.6500,11700
1430232551,9.7100,9.7800,9.7100,9.7400,7000
1430232892,9.6600,9.7400,9.6600,9.7400,2300
1430233197,9.7100,9.7200,9.6700,9.6800,3800
1430233470,9.7200,9.7200,9.6900,9.7100,2300
1430233784,9.7600,9.7600,9.7001,9.7100,1600
1430234095,9.8000,9.8000,9.7300,9.7500,3900
1430234399,9.9800,9.9900,9.7500,9.7850,33500
1430234614,9.9800,9.9900,9.9400,9.9670,11300
1430234978,9.9600,9.9800,9.9400,9.9700,9400
1430235291,9.9800,9.9800,9.9724,9.9750,6600
1430235570,9.9600,9.9900,9.9600,9.9800,1800
1430235884,9.9100,9.9400,9.8900,9.9300,20000
1430236083,9.9200,9.9600,9.9100,9.9200,9800
1430236326,9.9400,9.9600,9.9400,9.9600,3900
1430236683,9.9400,9.9500,9.9300,9.9500,700
1430236944,9.9201,9.9250,9.9150,9.9200,1600
1430237325,9.8700,9.9000,9.8600,9.9000,1700
1430237684,9.8500,9.8700,9.8500,9.8500,900
1430237987,9.8100,9.8250,9.8000,9.8250,1400
1430238233,9.8826,9.9000,9.7900,9.7900,3500
1430238328,9.8600,9.8600,9.8600,9.8600,300
1430238886,9.9000,9.9000,9.8600,9.8800,13100
1430239196,9.9050,9.9249,9.8900,9.9000,15200
1430239496,9.8900,9.9114,9.8900,9.9000,600
1430239531,9.8900,9.8900,9.8900,9.8900,300
1430239956,9.8700,9.8800,9.8700,9.8800,200
1430240284,9.8600,9.8700,9.8600,9.8700,1000
1430240933,9.8900,9.8900,9.8500,9.8600,2400
1430241217,9.8700,9.8750,9.8601,9.8601,700
1430241459,9.8600,9.8700,9.8600,9.8700,200
1430241720,9.8800,9.8900,9.8650,9.8700,1200
1430242148,9.8900,9.9100,9.8800,9.8800,4300
1430242394,9.8850,9.8900,9.8800,9.8900,900
1430242789,9.9100,9.9100,9.8800,9.8900,3100
1430243039,9.9000,9.9100,9.8800,9.9000,7000
1430243315,9.9050,9.9050,9.9050,9.9050,200
1430243682,9.8850,9.9000,9.8800,9.9000,10400
1430243981,9.8900,9.8950,9.8800,9.8900,4000
1430244298,9.8900,9.9000,9.8900,9.8900,8900
1430244532,9.8900,9.9000,9.8800,9.8800,700
1430244704,9.8900,9.8950,9.8900,9.8900,700
1430245179,9.8950,9.9000,9.8900,9.8950,6600
1430245373,9.8900,9.9000,9.8900,9.8925,4500
1430245795,9.9000,9.9000,9.8900,9.8900,5900
1430246042,9.8925,9.9000,9.8900,9.8950,3300
1430246386,9.8800,9.8900,9.8800,9.8900,1200
1430246627,9.8900,9.8900,9.8800,9.8900,500
1430246969,9.8900,9.8900,9.8900,9.8900,800
1430247233,9.8700,9.8900,9.8544,9.8900,19100
1430247433,9.8600,9.8700,9.8600,9.8653,800
1430247897,9.8720,9.8900,9.8650,9.8700,11500
1430248158,9.8500,9.8800,9.8500,9.8800,700
1430248463,9.8000,9.8000,9.8000,9.8000,600
1430248748,9.7500,9.7800,9.7500,9.7800,2700
1430249093,9.7150,9.7500,9.7000,9.7500,1700
1430249373,9.6900,9.7100,9.6700,9.7100,2300
1430249662,9.7300,9.7600,9.6800,9.6900,5000
1430249975,9.7300,9.7450,9.7000,9.7300,2100
1430250257,9.7100,9.7200,9.7000,9.7000,3500
1430250554,9.7032,9.7300,9.7000,9.7200,14800
1430250840,9.7200,9.7400,9.7100,9.7400,6900
1430251150,9.7600,9.7700,9.7100,9.7100,21500
1430251200,9.7600,9.7600,9.7600,9.7600,7400
1430314200,9.5300,9.6800,9.5300,9.6800,0
1430314764,9.5600,9.5900,9.5500,9.5900,1400
1430315008,9.6200,9.6500,9.5300,9.5303,4200
1430315330,9.6400,9.6500,9.5900,9.6200,4500
1430315667,9.6200,9.6500,9.5987,9.6399,6000
1430315998,9.6200,9.6500,9.6100,9.6150,19500
1430316200,9.5418,9.6500,9.5418,9.6150,8800
1430316480,9.5650,9.5700,9.5200,9.5500,3900
1430316886,9.6000,9.6050,9.5600,9.5600,16700
1430317194,9.7100,9.7200,9.6000,9.6000,6600
1430317496,9.7500,9.7500,9.6800,9.7400,3900
1430317779,9.7800,9.7800,9.7100,9.7200,5600
1430318097,9.8000,9.8000,9.7300,9.7800,2500
1430318280,9.8000,9.8500,9.8000,9.8400,3200
1430318649,9.7900,9.7900,9.7800,9.7900,2000
1430318853,9.7800,9.7900,9.7700,9.7900,2000
1430319279,9.7800,9.7899,9.7800,9.7899,1200
1430319504,9.7000,9.7700,9.7000,9.7700,2600
1430319844,9.7100,9.7300,9.7000,9.7000,1500
1430320197,9.7100,9.7100,9.7000,9.7100,700
1430320478,9.6500,9.7000,9.6300,9.7000,1400
1430320776,9.6110,9.6300,9.6100,9.6200,5500
1430320986,9.6100,9.6200,9.6000,9.6200,6100
1430321214,9.6100,9.6100,9.6000,9.6000,1300
1430321659,9.6300,9.6400,9.5900,9.6150,6100
1430321811,9.6100,9.6100,9.6000,9.6100,400
1430322268,9.5700,9.6100,9.5500,9.5900,2200
1430322555,9.5800,9.5900,9.5700,9.5900,500
1430322701,9.6000,9.6000,9.5900,9.6000,4100
1430322975,9.6000,9.6000,9.6000,9.6000,500
1430323448,9.5975,9.6100,9.5700,9.5800,2200
1430323799,9.5900,9.6000,9.5700,9.5700,300
1430323844,9.6000,9.6000,9.6000,9.6000,1900
1430324370,9.6000,9.6000,9.5900,9.5900,1400
1430324506,9.5500,9.5900,9.5400,9.5900,11000
1430324832,9.5500,9.5500,9.5200,9.5200,2900
1430325094,9.5200,9.5200,9.5200,9.5200,300
1430325586,9.5600,9.5600,9.5200,9.5300,1700
1430325898,9.5600,9.5700,9.5100,9.5100,2700
1430326088,9.5500,9.5800,9.5500,9.5500,1500
1430326459,9.5800,9.5900,9.5500,9.5500,6200
1430326676,9.5400,9.5700,9.5400,9.5700,200
1430327041,9.5950,9.6000,9.5350,9.5350,5300
1430327347,9.5950,9.5950,9.5500,9.5932,4900
1430327670,9.6000,9.6100,9.5600,9.5600,3100
1430327980,9.6000,9.6400,9.5500,9.5560,8400
1430328123,9.6100,9.6100,9.6100,9.6100,100
1430328560,9.5500,9.6100,9.5500,9.6000,3600
1430328799,9.5300,9.5400,9.5200,9.5400,2400
1430329083,9.5700,9.5700,9.5000,9.5100,3400
1430329471,9.6550,9.6550,9.5200,9.5700,4800
1430329788,9.6800,9.6900,9.6500,9.6550,1400
1430330005,9.7100,9.7400,9.6400,9.6800,4700
1430330389,9.6050,9.6900,9.6000,9.6900,1700
1430330691,9.6200,9.6200,9.6000,9.6100,6500
1430330950,9.6200,9.6300,9.6101,9.6300,1000
1430331291,9.6300,9.6300,9.6200,9.6300,800
1430331596,9.6700,9.6700,9.6300,9.6300,2100
1430331878,9.7200,9.7400,9.6900,9.7000,900
1430332147,9.6500,9.7300,9.6500,9.7300,1400
1430332478,9.6300,9.6300,9.6000,9.6300,400
1430332605,9.6500,9.6500,9.6300,9.6300,600
1430333083,9.6500,9.6700,9.6200,9.6200,2500
1430333213,9.6500,9.6600,9.6400,9.6600,1200
1430333655,9.7675,9.7700,9.6450,9.6450,14700
1430333980,9.7500,9.7500,9.6900,9.7100,1700
1430334260,9.7100,9.7500,9.6800,9.7400,2100
1430334594,9.6500,9.6942,9.6500,9.6850,4200
1430334896,9.6800,9.7000,9.6500,9.6500,2100
1430335187,9.7000,9.7300,9.6800,9.6800,3300
1430335482,9.7100,9.7200,9.6800,9.7200,2800
1430335777,9.6500,9.7100,9.6500,9.7100,3500
1430336052,9.6300,9.6750,9.6100,9.6750,2300
1430336389,9.6200,9.6300,9.6100,9.6200,4100
1430336684,9.6500,9.6700,9.6300,9.6300,3100
1430336961,9.6550,9.6700,9.6500,9.6500,5500
1430337281,9.6700,9.6900,9.6500,9.6600,16600
1430337541,9.6700,9.6800,9.6500,9.6650,12900
1430337600,9.6800,9.6800,9.6800,9.6800,8900
1430400620,9.6500,9.6500,9.5300,9.5300,0
1430400910,9.6200,9.6200,9.5500,9.6000,1300
1430401470,9.5700,9.6400,9.5400,9.5500,4100
1430401789,9.5450,9.6000,9.5450,9.5600,800
1430402094,9.5700,9.6400,9.5500,9.5600,3900
1430402327,9.6200,9.6200,9.5480,9.5800,600
1430402698,9.6400,9.6400,9.5700,9.6000,6500
1430402979,9.7300,9.7600,9.6200,9.6200,10900
1430403288,9.6450,9.7000,9.6300,9.6450,5700
1430403592,9.7000,9.7000,9.6500,9.7000,1000
1430403888,9.7400,9.9100,9.6700,9.6700,6900
1430404197,9.7850,9.8360,9.7200,9.7900,2100
1430404422,9.7500,9.7500,9.7500,9.7500,200
1430404682,9.7900,9.7900,9.7500,9.7500,1600
1430405030,9.8100,9.8100,9.7400,9.7400,2800
1430405384,9.8500,9.8500,9.7700,9.8000,4100
1430405664,9.8849,9.8849,9.7600,9.7700,2900
1430405729,9.7800,9.7900,9.7800,9.7900,200
1430406298,9.8200,9.8800,9.7500,9.7550,2800
1430406599,9.8450,9.9000,9.8300,9.8300,9900
1430406831,9.8900,9.9000,9.8200,9.8500,5700
1430407193,9.8450,9.8900,9.8400,9.8900,9600
1430407407,9.8400,9.8434,9.8400,9.8400,4100
1430407713,9.7900,9.8300,9.7800,9.8300,700
1430408031,9.7950,9.8100,9.7900,9.8100,1000
1430408280,9.7700,9.7750,9.7700,9.7750,800
1430408519,9.7900,9.7950,9.7640,9.7640,2900
1430408801,9.8000,9.8000,9.8000,9.8000,100
1430409199,9.7800,9.8000,9.7450,9.8000,3000
1430409835,9.7700,9.7900,9.7400,9.7900,2600
1430410199,9.6900,9.7200,9.6900,9.6900,1000
1430410379,9.6900,9.6900,9.6100,9.6100,500
1430410715,9.7000,9.7000,9.6900,9.6900,900
1430410843,9.7050,9.7050,9.7050,9.7050,100
1430411357,9.7300,9.7300,9.7300,9.7300,100
1430412055,9.6900,9.6900,9.6900,9.6900,300
1430412593,9.7100,9.7200,9.7100,9.7200,400
1430412629,9.7000,9.7000,9.7000,9.7000,100
1430413174,9.6800,9.7100,9.6700,9.7100,800
1430413753,9.6800,9.6800,9.6800,9.6800,100
1430414333,9.6800,9.6800,9.6740,9.6800,700
1430414665,9.6500,9.6850,9.6400,9.6700,2100
1430414919,9.6400,9.6500,9.6400,9.6500,2200
1430415154,9.6400,9.6500,9.6300,9.6300,1100
1430415543,9.6725,9.6900,9.6350,9.6400,9600
1430415891,9.7000,9.7000,9.6600,9.6600,2100
1430416184,9.6850,9.6850,9.6400,9.6400,1900
1430416444,9.6400,9.6950,9.6400,9.6500,2800
1430416797,9.7040,9.7200,9.6500,9.6600,1400
1430417047,9.6400,9.6900,9.6400,9.6900,800
1430417300,9.6700,9.6900,9.6600,9.6700,1000
1430417637,9.7000,9.7000,9.7000,9.7000,100
1430418298,9.6700,9.6900,9.6700,9.6800,3200
1430418463,9.6400,9.6950,9.6400,9.6700,1900
1430418891,9.6700,9.7000,9.6450,9.6570,1700
1430419038,9.6600,9.6600,9.6600,9.6600,100
1430419379,9.6800,9.7000,9.6550,9.6595,2400
1430419795,9.6800,9.6900,9.6700,9.6750,1300
1430420050,9.6500,9.7100,9.6500,9.6900,5700
1430420174,9.6750,9.6750,9.6500,9.6500,600
1430420689,9.6600,9.6850,9.6400,9.6500,3900
1430420975,9.6300,9.7000,9.6300,9.6800,2200
1430421268,9.6500,9.6500,9.6300,9.6300,500
1430421568,9.6500,9.6500,9.6500,9.6500,600
1430421836,9.6700,9.6950,9.6500,9.6500,3200
1430422188,9.6400,9.6850,9.6300,9.6850,9000
1430422466,9.6700,9.6700,9.6452,9.6500,6000
1430422792,9.7000,9.7000,9.6600,9.6600,2900
1430423034,9.6850,9.6900,9.6600,9.6900,3400
1430423354,9.7000,9.7200,9.6550,9.6800,4900
1430423693,9.6850,9.7000,9.6800,9.7000,2600
1430423948,9.7500,9.7500,9.6850,9.6850,21200
1430424000,9.7500,9.7500,9.7500,9.7500,12600
1430487169,9.9800,10.0000,9.7500,9.7500,0
1430487481,9.8500,9.9600,9.8500,9.9600,1900
1430487677,9.7550,9.7550,9.7550,9.7550,300
1430488165,9.7200,9.7700,9.7200,9.7500,1200
1430488407,9.7400,9.7400,9.7300,9.7300,1000
1430488758,9.7700,9.7700,9.7100,9.7100,1700
1430488944,9.8200,9.8200,9.7000,9.7350,5600
1430489378,9.8100,9.8100,9.7700,9.7700,800
1430489635,9.7700,9.8000,9.7700,9.7800,1000
1430489948,9.7500,9.7500,9.7050,9.7450,1200
1430490288,9.7400,9.7600,9.7400,9.7400,2300
1430490434,9.7150,9.7150,9.7150,9.7150,400
1430490878,9.7300,9.7300,9.7100,9.7100,1400
1430491197,9.7600,9.7800,9.6900,9.7164,13600
1430491384,9.7500,9.7900,9.7500,9.7800,1100
1430491688,9.7800,9.8000,9.7600,9.7700,4200
1430492375,9.7700,9.7800,9.7700,9.7800,1100
1430492670,9.7600,9.7700,9.7600,9.7600,1300
1430492957,9.7500,9.7800,9.7500,9.7700,1500
1430493272,9.7650,9.7800,9.7600,9.7700,4500
1430493596,9.7700,9.7700,9.7650,9.7650,300
1430493865,9.7800,9.7800,9.7500,9.7800,500
1430494180,9.7600,9.8000,9.7600,9.7800,1500
1430494428,9.7400,9.7700,9.7400,9.7700,1100
1430494622,9.7500,9.7600,9.7500,9.7600,900
1430495027,9.7300,9.7300,9.7300,9.7300,400
1430495345,9.6950,9.7200,9.6950,9.7200,1500
1430495688,9.7300,9.7300,9.7100,9.7200,1700
1430495702,9.7200,9.7300,9.7200,9.7300,500
1430496200,9.7350,9.7350,9.7350,9.7350,200
1430496470,9.7100,9.7300,9.7100,9.7300,700
1430496820,9.7200,9.7500,9.7200,9.7500,1700
1430497368,9.7250,9.7250,9.7250,9.7250,200
1430497604,9.7400,9.7400,9.7400,9.7400,200
1430497964,9.7800,9.7800,9.7446,9.7446,1400
1430498384,9.8900,9.8900,9.7650,9.7650,11800
1430498676,9.8650,9.8650,9.8650,9.8650,200
1430498997,9.8600,9.8700,9.8600,9.8650,400
1430499289,9.9300,9.9300,9.8600,9.8601,12600
1430499494,9.9300,9.9300,9.9300,9.9300,100
1430499684,9.9200,9.9200,9.9200,9.9200,100
1430500163,9.9000,9.9062,9.9000,9.9062,1000
1430500490,9.9200,9.9400,9.9000,9.9000,400
1430500798,9.9250,9.9400,9.9000,9.9100,9700
1430501097,10.0500,10.0500,9.9150,9.9200,12700
1430501375,10.0300,10.0500,10.0100,10.0500,1700
1430501690,9.9500,9.9710,9.9500,9.9700,1800
1430501997,9.9310,9.9500,9.9310,9.9500,4300
1430502254,9.9500,9.9500,9.9500,9.9500,1800
1430502481,9.9500,9.9500,9.9500,9.9500,1500
1430502698,9.9700,9.9700,9.9500,9.9500,1800
1430503139,9.9900,9.9900,9.9900,9.9900,6000
1430503483,9.9800,9.9900,9.9500,9.9750,2400
1430503797,9.9650,9.9800,9.9500,9.9800,4900
1430504098,9.9650,9.9650,9.9650,9.9650,5200
1430504378,9.9600,9.9800,9.9500,9.9500,1100
1430504460,9.9700,9.9700,9.9600,9.9600,300
1430504963,9.9650,9.9700,9.9500,9.9600,4500
1430505069,9.9700,9.9700,9.9700,9.9700,500
1430505547,9.9600,9.9700,9.9600,9.9600,1300
1430505889,9.9700,9.9700,9.9600,9.9630,1500
1430506152,9.9700,9.9700,9.9600,9.9700,1700
1430506470,9.9650,9.9700,9.9500,9.9700,4300
1430506777,9.9750,9.9775,9.9600,9.9600,2900
1430507092,9.9800,9.9800,9.9700,9.9775,3100
1430507383,9.9850,10.0000,9.9700,9.9800,6700
1430507635,10.0200,10.0200,9.9800,9.9900,4900
1430507925,10.0600,10.0600,10.0400,10.0400,1400
1430508287,10.0600,10.0600,10.0200,10.0600,900
1430508514,9.9950,10.0600,9.9950,10.0600,2100
1430508870,10.0100,10.0100,9.9800,10.0099,1300
1430509197,10.0000,10.0100,9.9950,9.9950,6500
1430509497,10.0000,10.0100,10.0000,10.0000,3200
1430509743,10.0200,10.0300,10.0100,10.0100,4700
1430510091,10.0400,10.0400,10.0250,10.0300,5000
1430510360,10.1700,10.1700,10.0400,10.0400,57200
1430510400,10.1600,10.1600,10.1600,10.1600,0
1430746491,10.2700,10.2900,10.1600,10.1600,0
1430746788,10.5000,10.6000,10.2500,10.2700,22700
1430747041,10.4900,10.5400,10.4500,10.4900,11000
1430747364,10.5300,10.5300,10.4800,10.4800,11100
1430747651,10.6100,10.6800,10.5000,10.5400,9800
1430747940,10.7100,10.7400,10.6500,10.6800,20700
1430748289,10.6500,10.7200,10.6500,10.7200,3300
1430748537,10.5400,10.6500,10.5400,10.6500,19900
1430748897,10.5500,10.5500,10.5000,10.5100,9400
1430749185,10.5065,10.5550,10.5000,10.5500,24400
1430749402,10.4900,10.5100,10.4400,10.5000,3500
1430749795,10.4600,10.5100,10.4600,10.5100,700
1430750062,10.4600,10.4600,10.4500,10.4500,4900
1430750399,10.4500,10.4500,10.4500,10.4500,2900
1430750646,10.4500,10.4500,10.4500,10.4500,1600
1430750994,10.4000,10.4500,10.4000,10.4500,3200
1430751297,10.4000,10.4050,10.4000,10.4000,2500
1430751589,10.4000,10.4000,10.4000,10.4000,4900
1430751876,10.4000,10.4000,10.4000,10.4000,2200
1430752193,10.3500,10.4000,10.3500,10.4000,3900
1430752480,10.3500,10.3500,10.3500,10.3500,1800
1430752748,10.3500,10.3600,10.3500,10.3500,2100
1430753042,10.3000,10.3300,10.3000,10.3300,2400
1430753377,10.3500,10.3500,10.3000,10.3000,10000
1430753686,10.4300,10.4400,10.3375,10.3375,6400
1430753997,10.4100,10.4600,10.3800,10.4600,3000
1430754297,10.4100,10.4100,10.4100,10.4100,2000
1430754587,10.4000,10.4000,10.4000,10.4000,1200
1430754846,10.4000,10.4100,10.4000,10.4000,2000
1430755164,10.4300,10.4300,10.4000,10.4000,1500
1430755498,10.3800,10.4200,10.3600,10.4200,3100
1430755764,10.3800,10.3800,10.3800,10.3800,1500
1430756082,10.3800,10.3900,10.3800,10.3800,3200
1430756396,10.4300,10.4300,10.3800,10.3800,4100
1430756682,10.4100,10.4200,10.4000,10.4000,600
1430756896,10.4000,10.4050,10.4000,10.4000,1800
1430757257,10.4000,10.4000,10.4000,10.4000,1700
1430757586,10.4200,10.4200,10.4000,10.4000,900
1430757894,10.4000,10.4100,10.4000,10.4000,1400
1430758050,10.4400,10.4400,10.4000,10.4000,200
1430758406,10.4200,10.4300,10.4200,10.4300,300
1430758773,10.4600,10.4600,10.4300,10.4300,3400
1430759056,10.4000,10.4500,10.4000,10.4500,4500
1430759309,10.4000,10.4050,10.4000,10.4000,3500
1430759669,10.4000,10.4000,10.4000,10.4000,900
1430759994,10.4000,10.4000,10.4000,10.4000,2400
1430760297,10.4600,10.4700,10.4000,10.4000,12700
1430760525,10.4400,10.4700,10.4400,10.4600,5300
1430760784,10.4600,10.4600,10.4100,10.4200,7500
1430761006,10.4500,10.4500,10.4300,10.4300,3400
1430761465,10.4500,10.4500,10.4300,10.4450,6300
1430761720,10.4600,10.4600,10.4300,10.4600,1400
1430761942,10.4550,10.4600,10.4550,10.4600,4400
1430762281,10.4600,10.4600,10.4525,10.4600,5600
1430762666,10.4525,10.5000,10.4500,10.5000,5100
1430762702,10.4600,10.4600,10.4500,10.4500,1900
1430763282,10.4800,10.4900,10.4400,10.4900,1500
1430763545,10.4450,10.4800,10.4400,10.4800,4900
1430763867,10.4400,10.4450,10.4350,10.4450,6100
1430764192,10.4499,10.4500,10.4300,10.4350,1800
1430764440,10.4000,10.4300,10.3800,10.4300,2100
1430764774,10.3400,10.3700,10.3300,10.3700,800
1430765082,10.2900,10.3350,10.2800,10.3350,900
1430765342,10.2200,10.2700,10.2200,10.2700,2100
1430765686,10.3500,10.3600,10.2400,10.2400,10700
1430765914,10.3600,10.3600,10.3100,10.3500,1900
1430766260,10.3600,10.3800,10.3600,10.3800,900
1430766584,10.3500,10.3800,10.3500,10.3600,4200
1430766842,10.3900,10.4000,10.3500,10.3500,4600
1430767191,10.4300,10.4500,10.4000,10.4300,6300
1430767476,10.2900,10.4000,10.2900,10.4000,3500
1430767788,10.2500,10.3000,10.2500,10.2800,900
1430768098,10.2900,10.3200,10.2400,10.2400,3100
1430768394,10.3100,10.3100,10.2953,10.3000,2700
1430768667,10.3100,10.3100,10.2900,10.2900,7400
1430768990,10.3200,10.3200,10.3000,10.3100,3400
1430769244,10.3300,10.3300,10.3050,10.3100,12700
1430769550,10.3200,10.3300,10.3100,10.3300,12900
1430769600,10.3200,10.3200,10.3200,10.3200,11100
1430832600,10.2700,10.2700,10.2700,10.2700,0
1430833091,10.3500,10.4500,10.3500,10.3900,1300
1430833333,10.2600,10.3600,10.2600,10.3500,3100
1430833755,10.2600,10.2600,10.2600,10.2600,100
1430834074,10.2100,10.2559,10.2100,10.2500,2400
1430834256,10.1701,10.2200,10.1701,10.2200,500
1430834463,10.1100,10.1500,10.1100,10.1500,200
1430834906,10.1000,10.1300,10.1000,10.1200,600
1430835206,10.0950,10.0950,10.0700,10.0700,1000
1430835844,10.0700,10.1100,10.0500,10.1100,1000
1430836417,9.9100,10.0200,9.9100,10.0200,2100
1430836777,9.9000,9.9200,9.8800,9.9100,1900
1430836875,9.8700,9.8700,9.8700,9.8700,500
1430837373,9.7900,9.8400,9.7900,9.8200,1600
1430837461,9.8100,9.8100,9.8100,9.8100,1000
1430837971,9.8200,9.8200,9.7500,9.8100,4900
1430838206,9.7900,9.8000,9.7700,9.8000,4600
1430838597,9.8600,9.8900,9.8100,9.8100,1900
1430838802,9.9400,9.9400,9.8800,9.8800,900
1430838904,9.9890,9.9900,9.9500,9.9500,500
1430839497,9.9000,9.9761,9.8900,9.9761,4800
1430839737,9.8700,9.8700,9.8700,9.8700,100
1430840009,9.8000,9.8650,9.8000,9.8650,1300
1430840342,9.7700,9.7700,9.7620,9.7620,200
1430840580,9.8300,9.8300,9.7700,9.8100,2800
1430841274,9.8500,9.8500,9.8500,9.8500,100
1430841510,9.8100,9.8500,9.8100,9.8300,400
1430841677,9.7950,9.8100,9.7950,9.8100,1300
1430842144,9.7950,9.7950,9.7950,9.7950,300
1430842468,9.8000,9.8100,9.7950,9.7950,900
1430842750,9.8000,9.8180,9.7950,9.8100,1500
1430842942,9.8200,9.8200,9.7938,9.7938,400
1430843332,9.8100,9.8100,9.7950,9.7950,1700
1430843553,9.8100,9.8100,9.8000,9.8000,500
1430843967,9.8100,9.8400,9.8100,9.8100,1800
1430844084,9.8000,9.8000,9.8000,9.8000,300
1430844516,9.8050,9.8050,9.8050,9.8050,500
1430844840,9.8200,9.8400,9.8100,9.8100,2700
1430845161,9.8100,9.8600,9.8100,9.8300,2500
1430845396,9.7900,9.8100,9.7900,9.7900,500
1430845797,9.7900,9.7900,9.7600,9.7600,1900
1430846043,9.7700,9.8000,9.7700,9.8000,1300
1430846312,9.8000,9.8400,9.7750,9.7900,4300
1430846545,9.7600,9.8000,9.7600,9.8000,1600
1430846998,9.7500,9.7750,9.7500,9.7700,3600
1430847298,9.7600,9.7650,9.7500,9.7650,1400
1430847597,9.7500,9.7700,9.7500,9.7600,1500
1430847783,9.7700,9.7700,9.7507,9.7600,1700
1430848123,9.7800,9.7800,9.7600,9.7600,700
1430848477,9.7900,9.8050,9.7700,9.7700,6400
1430848687,9.7700,9.7950,9.7700,9.7950,1600
1430848967,9.7700,9.7800,9.7600,9.7800,1100
1430849374,9.7800,9.7800,9.7650,9.7650,500
1430849592,9.7700,9.7700,9.7600,9.7650,600
1430849793,9.7600,9.7600,9.7600,9.7600,700
1430850288,9.7700,9.7700,9.7650,9.7700,1000
1430850571,9.7600,9.7700,9.7500,9.7700,1800
1430850875,9.7700,9.7700,9.7601,9.7601,700
1430850995,9.7700,9.7700,9.7700,9.7700,100
1430851347,9.7599,9.7700,9.7550,9.7650,2400
1430851789,9.7000,9.7600,9.7000,9.7600,9700
1430851974,9.7200,9.7200,9.6950,9.7000,2300
1430852290,9.7300,9.7300,9.7300,9.7300,400
1430852696,9.7100,9.7300,9.7000,9.7300,3500
1430852932,9.7100,9.7100,9.7000,9.7000,2800
1430853251,9.7600,9.7600,9.7050,9.7100,2200
1430853523,9.7600,9.7600,9.7450,9.7450,600
1430853877,9.7550,9.7600,9.7400,9.7500,2600
1430854112,9.8047,9.8047,9.7500,9.7500,4300
1430854478,9.7700,9.8010,9.7601,9.8010,4000
1430854684,9.7700,9.7800,9.7700,9.7700,2400
1430855099,9.7750,9.8200,9.7600,9.7700,32200
1430855342,9.7550,9.7800,9.7500,9.7750,12600
1430855695,9.8000,9.8000,9.7500,9.7550,13500
1430855964,9.8200,9.8400,9.7900,9.8000,10100
1430856000,9.8200,9.8200,9.8200,9.8200,100
1430919200,9.6900,9.8900,9.6900,9.8900,0
1430919322,9.7559,9.7559,9.7559,9.7559,400
1430919812,9.7000,9.7200,9.7000,9.7200,1000
1430920108,9.6500,9.6800,9.6500,9.6800,900
1430920325,9.6750,9.6800,9.6000,9.6100,2300
1430920740,9.6700,9.6900,9.6700,9.6900,600
1430921359,9.7100,9.7100,9.7100,9.7100,100
1430921698,9.6700,9.6950,9.6400,9.6800,6500
1430921996,9.6800,9.6800,9.6700,9.6700,2200
1430922013,9.6900,9.6900,9.6900,9.6900,300
1430922808,9.6500,9.6900,9.6300,9.6800,2000
1430922924,9.6500,9.6500,9.6500,9.6500,100
1430923249,9.6500,9.6500,9.6400,9.6400,400
1430923931,9.7100,9.7100,9.6800,9.6800,500
1430924250,9.7500,9.7500,9.7500,9.7500,400
1430924480,9.7600,9.7600,9.7400,9.7400,300
1430924997,9.7100,9.7400,9.7100,9.7400,1000
1430925296,9.6800,9.7000,9.6800,9.7000,2200
1430925486,9.6700,9.6700,9.6401,9.6600,800
1430925850,9.7300,9.7300,9.6800,9.7000,1500
1430925945,9.7200,9.7500,9.7200,9.7200,2400
1430926233,9.7100,9.7100,9.7100,9.7100,1300
1430926781,9.6650,9.7000,9.6600,9.7000,6900
1430926961,9.6650,9.6650,9.6650,9.6650,1600
1430927340,9.6700,9.6700,9.6600,9.6600,400
1430927487,9.6700,9.6900,9.6700,9.6700,800
1430927973,9.7400,9.7400,9.6700,9.6700,4600
1430928281,9.7600,9.7600,9.7300,9.7300,200
1430928574,9.8300,9.8300,9.7800,9.7800,1800
1430928785,9.7600,9.8100,9.7600,9.7700,3100
1430929430,9.8000,9.8200,9.8000,9.8100,400
1430929553,9.8000,9.8000,9.8000,9.8000,100
1430930086,9.8200,9.8200,9.7800,9.8000,1400
1430930594,9.8200,9.8500,9.8200,9.8500,1400
1430931205,9.7900,9.7900,9.7900,9.7900,200
1430931325,9.8200,9.8200,9.8200,9.8200,200
1430931657,9.7900,9.7900,9.7900,9.7900,100
1430931934,9.8000,9.8000,9.8000,9.8000,300
1430933043,9.8300,9.8300,9.8000,9.8000,300
1430933340,9.8200,9.8200,9.7900,9.8100,1000
1430933948,9.8200,9.8200,9.7900,9.8050,700
1430934290,9.8400,9.8400,9.8000,9.8000,900
1430934449,9.8300,9.8300,9.8300,9.8300,200
1430935137,9.8200,9.8499,9.8200,9.8282,800
1430935497,9.7951,9.8800,9.7951,9.8800,1700
1430935792,9.8000,9.8200,9.8000,9.8000,1400
1430936084,9.8000,9.8640,9.8000,9.8100,1200
1430936317,9.7907,9.7907,9.7907,9.7907,200
1430936801,9.8000,9.8300,9.8000,9.8300,1100
1430937196,9.7900,9.8100,9.7900,9.8100,700
1430937540,9.6900,9.7400,9.6900,9.7300,1100
1430937777,9.6600,9.6800,9.6600,9.6700,7400
1430938040,9.6600,9.7200,9.6600,9.7000,2400
1430938371,9.7450,9.7450,9.6850,9.6850,500
1430938588,9.7700,9.7800,9.7600,9.7800,1100
1430938935,9.7600,9.7800,9.7600,9.7800,200
1430939313,9.7200,9.7200,9.7200,9.7200,300
1430939678,9.6700,9.7200,9.6700,9.7200,500
1430939946,9.6700,9.7200,9.6700,9.7200,1100
1430940278,9.6800,9.6800,9.6800,9.6800,300
1430940590,9.6800,9.7000,9.6800,9.6800,400
1430940842,9.7000,9.7000,9.6800,9.6900,900
1430941183,9.7000,9.7100,9.6900,9.6900,500
1430941496,9.7800,9.7800,9.7000,9.7000,7600
1430941749,9.7600,9.7900,9.7200,9.7800,3700
1430942080,9.7500,9.7600,9.7350,9.7600,2700
1430942340,9.8000,9.8300,9.7500,9.7500,12500
1430942400,9.7900,9.7900,9.7900,9.7900,9100
1431005520,9.4383,9.4383,9.4383,9.4383,0
1431005896,9.1100,9.4200,9.0000,9.4200,6600
1431006299,8.9900,9.0900,8.9300,9.0900,14200
1431006437,9.3300,9.3300,9.0000,9.0000,3400
1431006605,9.2300,9.2300,9.2300,9.2300,1100
1431007159,9.3400,9.3400,9.2301,9.2301,2100
1431007290,9.3599,9.3700,9.2500,9.2500,8000
1431007728,9.3400,9.3400,9.3200,9.3200,200
1431008017,9.3200,9.3500,9.3200,9.3200,3500
1431008351,9.4200,9.5000,9.3500,9.3500,3600
1431008661,9.4200,9.4200,9.4200,9.4200,100
1431008829,9.4200,9.5900,9.4100,9.5700,1000
1431009034,9.4700,9.4700,9.4700,9.4700,100
1431009349,9.3800,9.3800,9.3740,9.3740,200
1431009865,9.5000,9.5000,9.4100,9.4800,4200
1431010195,9.5000,9.5250,9.5000,9.5250,5100
1431010436,9.5400,9.5400,9.5000,9.5000,1300
1431010750,9.6200,9.6400,9.5600,9.5600,5300
1431011059,9.7900,9.8500,9.6150,9.6200,5300
1431011341,9.6200,9.7200,9.6200,9.7200,900
1431011596,9.6900,9.6900,9.6200,9.6200,600
1431011913,9.5500,9.6600,9.5000,9.6200,6900
1431012127,9.5100,9.5400,9.5000,9.5100,800
1431012548,9.5200,9.5200,9.5100,9.5200,400
1431012818,9.5000,9.5400,9.5000,9.5133,900
1431013105,9.5900,9.6150,9.5000,9.5000,4400
1431013756,9.6500,9.7000,9.5800,9.5800,1500
1431013945,9.6700,9.6700,9.6500,9.6700,500
1431014139,9.6800,9.6800,9.6800,9.6800,100
1431014678,9.8900,9.9100,9.6956,9.7000,5100
1431014983,9.8400,9.9400,9.8400,9.9000,700
1431015163,9.8539,9.8539,9.8539,9.8539,300
1431015580,9.9220,9.9300,9.9200,9.9200,1400
1431016176,9.9318,9.9700,9.9200,9.9200,2100
1431016428,10.0200,10.0200,9.9600,9.9600,1100
1431016726,10.0100,10.1600,10.0100,10.1550,1200
1431017091,10.0100,10.0500,10.0000,10.0500,1300
1431017326,9.8500,10.0100,9.8200,10.0000,2600
1431017696,9.7900,9.8900,9.7500,9.8700,1500
1431017857,9.7100,9.7800,9.7100,9.7800,200
1431018520,9.8400,9.8400,9.7700,9.7700,1300
1431018807,9.8350,9.9000,9.8000,9.9000,1700
1431019108,9.9500,9.9500,9.8400,9.8600,500
1431019271,9.8800,9.8800,9.8700,9.8700,600
1431019612,9.9100,9.9100,9.9100,9.9100,100
1431019906,9.9200,9.9200,9.9200,9.9200,400
1431020686,9.9000,9.9000,9.9000,9.9000,1800
1431020895,9.9100,9.9100,9.9000,9.9000,1700
1431021297,9.9000,9.9100,9.9000,9.9000,1200
1431021564,9.9000,9.9050,9.9000,9.9050,1600
1431021821,9.9000,9.9000,9.9000,9.9000,700
1431022192,9.9000,9.9100,9.9000,9.9100,1700
1431022375,9.9100,9.9100,9.9000,9.9000,900
1431022684,9.9100,9.9150,9.9100,9.9100,1100
1431022965,9.9000,9.9100,9.9000,9.9100,1100
1431023695,9.9400,10.0300,9.9200,9.9200,1300
1431023883,10.0500,10.0500,9.9400,9.9400,2800
1431024243,10.1000,10.1000,10.0400,10.0500,2300
1431024563,10.0900,10.1300,10.0800,10.1000,4300
1431024837,10.0000,10.0800,9.9900,10.0800,3100
1431025095,9.9700,9.9900,9.9600,9.9900,2700
1431025482,10.0700,10.0800,9.9900,9.9900,2000
1431025762,10.0001,10.0900,10.0000,10.0700,3100
1431026029,10.0600,10.0600,10.0200,10.0200,2000
1431026395,10.0300,10.0900,10.0300,10.0600,6400
1431026601,9.9900,10.0200,9.9900,10.0100,3100
1431026969,9.9940,10.0000,9.9900,9.9900,3900
1431027169,10.0500,10.0500,9.9900,9.9900,5500
1431027579,10.0100,10.0500,10.0100,10.0500,2100
1431027884,9.9900,10.0600,9.9900,10.0400,12600
1431028155,10.0400,10.0500,9.9900,10.0000,5400
1431028499,9.9045,10.0000,9.9045,10.0000,2900
1431028741,9.9300,9.9400,9.9000,9.9200,11200
1431028800,9.9300,9.9300,9.9300,9.9300,4700
1431091800,10.2300,10.2300,10.2300,10.2300,0
1431092343,10.1500,10.1900,10.1050,10.1300,3600
1431092691,10.1000,10.2100,10.1000,10.1750,14000
1431092992,10.0700,10.1000,9.9850,10.1000,1400
1431093263,10.0779,10.1000,10.0600,10.0600,1600
1431093598,10.0250,10.0250,10.0250,10.0250,1300
1431093840,10.0000,10.0600,9.9900,10.0400,2600
1431094112,9.9700,10.0200,9.9700,10.0200,600
1431094309,9.9300,9.9400,9.9200,9.9300,1200
1431094718,9.9100,9.9300,9.9100,9.9300,3900
1431094993,9.9600,9.9600,9.9300,9.9300,1200
1431095329,9.9900,9.9900,9.9900,9.9900,100
1431095667,9.9650,9.9900,9.9600,9.9600,2500
1431095954,9.9600,9.9750,9.9600,9.9750,300
1431096241,10.0100,10.0100,9.9750,9.9750,2100
1431096454,10.0300,10.0400,10.0200,10.0200,3100
1431096870,9.9500,10.0300,9.9500,10.0300,9500
1431096934,9.9500,9.9600,9.9500,9.9500,3800
1431097261,9.9500,9.9550,9.9500,9.9550,900
1431097712,10.0000,10.0100,9.9600,9.9600,3400
1431097939,10.0100,10.0200,9.9900,10.0050,2200
1431098390,9.9800,9.9900,9.9800,9.9900,1300
1431098633,10.0100,10.0300,10.0099,10.0099,1000
1431098980,10.0450,10.0450,9.9900,10.0200,2900
1431099205,9.9800,10.0100,9.9800,10.0000,14200
1431100183,10.0000,10.0050,9.9800,9.9800,5100
1431100402,10.0000,10.0050,10.0000,10.0050,3500
1431101097,10.0000,10.0000,9.9900,9.9900,500
1431101352,10.0000,10.0000,9.9700,9.9800,3000
1431101640,9.9800,10.0000,9.9800,10.0000,500
1431101936,9.9800,10.0000,9.9600,9.9800,4900
1431102044,9.9800,9.9800,9.9800,9.9800,100
1431102509,10.0000,10.0200,10.0000,10.0000,1300
1431102694,10.0000,10.0100,10.0000,10.0100,400
1431103173,9.9800,10.0150,9.9800,10.0100,2100
1431103273,9.9900,9.9900,9.9900,9.9900,100
1431103765,10.0000,10.0200,9.9600,9.9800,14700
1431104013,9.9950,9.9950,9.9950,9.9950,500
1431104345,9.9986,10.0300,9.9900,10.0300,4400
1431104536,9.9600,9.9800,9.9560,9.9800,1000
1431104761,9.9600,9.9700,9.9600,9.9600,1400
1431105295,9.9900,10.0000,9.9900,10.0000,3100
1431105373,9.9700,9.9900,9.9700,9.9900,200
1431105869,9.9700,9.9800,9.9650,9.9700,2300
1431106124,10.0000,10.0000,10.0000,10.0000,100
1431106457,9.9700,9.9900,9.9700,9.9800,11400
1431106735,9.9700,9.9700,9.9700,9.9700,2500
1431106997,9.9780,9.9780,9.9600,9.9700,4300
1431107342,10.0000,10.0000,9.9700,9.9700,6200
1431107612,9.9700,9.9700,9.9700,9.9700,100
1431107900,9.9600,9.9700,9.9600,9.9700,1200
1431108178,9.9600,9.9600,9.9600,9.9600,800
1431108572,9.9800,9.9800,9.9600,9.9600,1800
1431108870,9.9500,9.9800,9.9500,9.9800,2100
1431109149,9.9600,9.9600,9.9500,9.9600,2300
1431109491,9.9700,9.9800,9.9700,9.9800,1200
1431109792,9.9800,9.9800,9.9700,9.9750,900
1431110067,9.9850,9.9900,9.9800,9.9800,4000
1431110381,9.9816,9.9900,9.9816,9.9820,800
1431110418,9.9900,10.0000,9.9900,9.9900,2200
1431110995,9.9900,9.9900,9.9700,9.9800,2900
1431111251,9.9950,10.0000,9.9900,9.9900,3400
1431111596,9.9700,9.9950,9.9700,9.9950,2600
1431111872,9.9750,9.9750,9.9700,9.9700,2900
1431111986,9.9800,9.9900,9.9800,9.9800,1300
1431112490,9.9700,10.0000,9.9700,9.9800,4400
1431112771,9.9600,9.9700,9.9600,9.9700,7600
1431113093,9.8900,9.9400,9.8900,9.9300,2400
1431113394,9.8000,9.8700,9.7800,9.8700,3000
1431113648,9.8150,9.8150,9.8000,9.8100,2000
1431113987,9.7950,9.8000,9.7900,9.8000,2700
1431114293,9.8100,9.8200,9.7800,9.7900,4300
1431114574,9.8200,9.8300,9.8200,9.8200,4100
1431114877,9.8400,9.8400,9.8200,9.8200,5300
1431115140,9.8000,9.8500,9.8000,9.8400,38500
1431115200,9.8000,9.8000,9.8000,9.8000,4300
1431351261,9.8100,9.8300,9.7900,9.7900,0
1431351593,9.8000,9.8000,9.7800,9.8000,1100
1431351875,9.7300,9.7800,9.7300,9.7800,1800
1431352151,9.6600,9.7200,9.6300,9.7200,3000
1431352460,9.6650,9.6650,9.6600,9.6600,800
1431352769,9.5800,9.6600,9.5700,9.6500,1600
1431352942,9.5700,9.6100,9.5700,9.6100,1700
1431353297,9.5600,9.5700,9.5600,9.5700,2400
1431353628,9.5800,9.5800,9.5607,9.5607,2100
1431353988,9.4900,9.5700,9.4900,9.5700,16600
1431354240,9.3600,9.4800,9.3500,9.4800,6000
1431354563,9.3950,9.4300,9.3600,9.3700,4300
1431354856,9.4100,9.4200,9.3850,9.4100,1100
1431355090,9.4000,9.4100,9.3853,9.4100,600
1431355393,9.4000,9.4000,9.3950,9.4000,700
1431356098,9.4700,9.4700,9.4000,9.4000,3800
1431356255,9.4600,9.4800,9.4600,9.4700,1000
1431356674,9.3950,9.4600,9.3950,9.4600,1400
1431356943,9.4250,9.4500,9.4000,9.4000,2400
1431357255,9.4600,9.4600,9.4100,9.4300,4000
1431357552,9.4600,9.4800,9.4600,9.4700,600
1431357866,9.4400,9.4600,9.4300,9.4600,1800
1431358381,9.4296,9.4400,9.4140,9.4300,2200
1431358759,9.4300,9.4300,9.4000,9.4100,2900
1431358996,9.3900,9.4450,9.3700,9.4300,2700
1431359349,9.3850,9.3850,9.3800,9.3800,1100
1431359661,9.4400,9.4500,9.3900,9.3900,2800
1431359939,9.4050,9.4300,9.4000,9.4300,2300
1431360289,9.3950,9.4050,9.3900,9.4000,3000
1431360548,9.3700,9.3900,9.3700,9.3900,900
1431360829,9.3700,9.3800,9.3700,9.3800,300
1431361167,9.3750,9.3750,9.3750,9.3750,200
1431361370,9.3900,9.3900,9.3700,9.3750,1100
1431361783,9.4400,9.4400,9.3900,9.3900,1600
1431362063,9.4100,9.4350,9.4000,9.4300,1500
1431362392,9.4200,9.4400,9.4100,9.4100,1200
1431362668,9.4300,9.4600,9.4200,9.4200,1000
1431362976,9.4150,9.4200,9.3700,9.4200,2500
1431363250,9.4300,9.4500,9.4100,9.4100,1000
1431363560,9.4250,9.4400,9.4100,9.4200,1900
1431363893,9.4500,9.4500,9.4300,9.4300,1100
1431364198,9.4450,9.4450,9.4300,9.4400,1100
1431364483,9.4400,9.4500,9.4300,9.4500,1200
1431364734,9.4400,9.4400,9.4325,9.4400,1400
1431365049,9.4560,9.4560,9.4300,9.4400,900
1431365393,9.4300,9.4500,9.4200,9.4500,1400
1431365947,9.4800,9.4800,9.4200,9.4200,2200
1431366269,9.5000,9.5000,9.4800,9.4800,2700
1431366529,9.4550,9.4800,9.4450,9.4800,2800
1431366851,9.4800,9.4800,9.4500,9.4500,1500
1431367058,9.5000,9.5000,9.4800,9.4800,1900
1431367418,9.4600,9.5000,9.4600,9.5000,1500
1431367642,9.4600,9.4600,9.4600,9.4600,700
1431368064,9.4550,9.4600,9.4500,9.4600,1600
1431368227,9.4750,9.4900,9.4500,9.4500,3700
1431368677,9.4900,9.4900,9.4600,9.4600,1300
1431368992,9.4600,9.4600,9.4500,9.4550,800
1431369137,9.4700,9.4700,9.4700,9.4700,200
1431369402,9.4650,9.4700,9.4500,9.4500,500
1431369778,9.4650,9.4650,9.4600,9.4600,500
1431370149,9.4500,9.4650,9.4500,9.4600,1200
1431370496,9.4800,9.4800,9.4500,9.4590,2700
1431370797,9.4900,9.5000,9.4800,9.4850,8300
1431370929,9.4900,9.4900,9.4900,9.4900,300
1431371392,9.5000,9.5000,9.4900,9.4900,6700
1431371693,9.4900,9.5000,9.4900,9.5000,1400
1431371992,9.4900,9.4950,9.4900,9.4950,2600
1431372296,9.4900,9.5000,9.4900,9.4900,10200
1431372395,9.5000,9.5000,9.4950,9.4950,6000
1431372873,9.4500,9.4900,9.4400,9.4900,4700
1431373146,9.4700,9.4700,9.4400,9.4550,7400
1431373477,9.4650,9.4700,9.4600,9.4600,3700
1431373698,9.4600,9.4610,9.4600,9.4600,2600
1431374083,9.4600,9.4650,9.4500,9.4600,6000
1431374349,9.4900,9.5000,9.4500,9.4600,14200
1431374400,9.4800,9.4800,9.4800,9.4800,3000
1431437665,9.4600,9.5000,9.4600,9.4600,0
1431437972,9.3500,9.4100,9.3500,9.4100,400
1431438150,9.2400,9.3600,9.2100,9.3600,6700
1431438377,9.2400,9.2500,9.2400,9.2500,1000
1431438815,9.2376,9.2600,9.2376,9.2400,1700
1431439088,9.2350,9.2400,9.2200,9.2300,1800
1431439262,9.2300,9.2350,9.2230,9.2350,700
1431439798,9.2600,9.2600,9.2200,9.2300,3200
1431440067,9.2653,9.2800,9.2600,9.2800,900
1431440371,9.2700,9.3200,9.2500,9.2500,6000
1431440682,9.2600,9.2753,9.2600,9.2753,3600
1431440928,9.2600,9.2600,9.2600,9.2600,200
1431441203,9.3100,9.3100,9.2700,9.2700,900
1431441592,9.3600,9.3600,9.3200,9.3200,300
1431441870,9.3300,9.3800,9.3300,9.3800,400
1431441933,9.4100,9.4100,9.3700,9.3700,500
1431442221,9.4000,9.4000,9.4000,9.4000,100
1431442796,9.3750,9.4250,9.3700,9.4250,6000
1431443095,9.3000,9.3710,9.2950,9.3710,2500
1431443315,9.3800,9.3800,9.3000,9.3000,400
1431443643,9.3900,9.4000,9.3800,9.3800,1200
1431443941,9.2800,9.3900,9.2800,9.3900,13600
1431444289,9.3000,9.3000,9.2850,9.2900,17900
1431444589,9.2500,9.3000,9.2500,9.3000,3700
1431444843,9.2600,9.2600,9.2500,9.2500,2500
1431445068,9.2800,9.2800,9.2700,9.2700,700
1431445388,9.2800,9.2800,9.2800,9.2800,200
1431445784,9.3000,9.3200,9.2900,9.2900,25900
1431446048,9.3000,9.3000,9.2910,9.3000,500
1431446375,9.2937,9.3000,9.2937,9.3000,700
1431446619,9.2990,9.3000,9.2990,9.3000,300
1431446969,9.2900,9.3000,9.2900,9.3000,2300
1431447124,9.2850,9.2850,9.2800,9.2800,500
1431447440,9.2850,9.2900,9.2850,9.2900,600
1431447863,9.3000,9.3000,9.3000,9.3000,100
1431448027,9.2600,9.2900,9.2500,9.2800,5400
1431448459,9.2500,9.2600,9.2500,9.2500,13700
1431448790,9.2300,9.2600,9.2300,9.2500,6400
1431449090,9.2300,9.2400,9.2300,9.2300,800
1431449255,9.2500,9.2500,9.2450,9.2450,14700
1431449580,9.2400,9.2540,9.2400,9.2500,2200
1431449871,9.2200,9.2300,9.2200,9.2300,900
1431450292,9.1700,9.2200,9.1700,9.2200,1500
1431450541,9.1600,9.1700,9.1500,9.1600,3100
1431450876,9.2200,9.2200,9.1640,9.1640,3400
1431451403,9.2000,9.2000,9.1700,9.2000,600
1431451797,9.2000,9.2000,9.1700,9.2000,500
1431452048,9.1400,9.2000,9.1400,9.2000,9100
1431452386,9.1100,9.1300,9.1100,9.1300,1800
1431452694,9.0950,9.1100,9.0900,9.1100,1500
1431452962,9.0900,9.1000,9.0800,9.0800,1200
1431453056,9.1000,9.1100,9.1000,9.1100,300
1431453421,9.1660,9.1660,9.1390,9.1390,1300
1431453714,9.1800,9.1800,9.1600,9.1600,200
1431454179,9.1000,9.1600,9.1000,9.1600,20900
1431454486,9.0621,9.0900,9.0600,9.0900,2900
1431454798,9.0300,9.0450,9.0300,9.0300,800
1431455020,9.0600,9.0600,9.0100,9.0200,2100
1431455356,9.0900,9.0900,9.0700,9.0700,1200
1431455564,9.0600,9.0600,9.0600,9.0600,100
1431455908,9.1000,9.1000,9.0700,9.0800,1000
1431456242,9.1050,9.1050,9.1000,9.1000,1300
1431456465,9.0700,9.1100,9.0700,9.1100,4600
1431456815,9.1000,9.1000,9.0600,9.0800,1200
1431457180,9.1000,9.1100,9.0600,9.0800,2500
1431457282,9.1100,9.1100,9.0772,9.1000,2400
1431457798,9.1270,9.1270,9.0992,9.1000,3300
1431457830,9.1000,9.1000,9.1000,9.1000,600
1431458371,9.0800,9.0800,9.0800,9.0800,800
1431458664,9.1000,9.1200,9.0700,9.0800,2900
1431458940,9.1200,9.1300,9.0900,9.1000,1100
1431459249,9.1000,9.1100,9.0950,9.1000,9900
1431459591,9.1000,9.1050,9.0950,9.0950,5700
1431459830,9.1200,9.1200,9.1000,9.1000,1800
1431460182,9.1900,9.1900,9.1100,9.1100,3900
1431460474,9.1800,9.1800,9.1400,9.1700,9800
1431460761,9.1600,9.2000,9.1600,9.1900,9200
1431460800,9.1600,9.1600,9.1600,9.1600,1800
1431524099,9.1000,9.1600,9.1000,9.1300,0
1431524372,9.1010,9.1200,9.1000,9.1100,3700
1431524658,9.0500,9.0900,9.0500,9.0900,2100
1431524986,9.0100,9.0500,8.9850,9.0500,24300
1431525198,9.0200,9.0400,9.0200,9.0200,600
1431525849,9.0000,9.1000,9.0000,9.1000,13900
1431526193,8.9900,9.0099,8.9800,9.0000,10600
1431526476,8.9600,8.9900,8.9600,8.9800,900
1431526763,8.9600,8.9800,8.9600,8.9600,1900
1431527094,8.9775,8.9850,8.9600,8.9600,2700
1431527381,8.9850,8.9900,8.9700,8.9700,1300
1431527673,8.9600,8.9950,8.9600,8.9700,3600
1431527998,8.9600,8.9700,8.9600,8.9700,2100
1431528298,8.9850,9.0000,8.9600,8.9600,2400
1431528584,9.0050,9.0200,8.9820,8.9820,3600
1431528886,8.9950,9.0000,8.9800,8.9800,1500
1431529043,8.9700,9.0050,8.9700,8.9950,2700
1431529445,8.9730,8.9950,8.9730,8.9800,1400
1431529671,9.0000,9.0100,8.9900,8.9900,4200
1431530067,9.0000,9.0000,9.0000,9.0000,2700
1431530382,9.0000,9.0100,8.9920,8.9950,6100
1431530669,8.9800,8.9973,8.9800,8.9973,1300
1431530761,8.9800,8.9900,8.9800,8.9800,300
1431531282,8.9600,8.9800,8.9600,8.9800,3000
1431531597,9.0050,9.0050,8.9700,8.9700,1800
1431531877,9.0100,9.0100,8.9930,8.9930,1200
1431532159,9.0000,9.0150,8.9900,9.0075,3800
1431532269,9.0000,9.0200,9.0000,9.0100,1900
1431532703,8.9700,9.0000,8.9700,9.0000,900
1431532948,8.9700,8.9800,8.9600,8.9700,900
1431533383,8.9600,8.9800,8.9600,8.9723,2800
1431533629,8.9700,8.9800,8.9700,8.9800,700
1431533980,8.9700,9.0000,8.9700,8.9700,900
1431534204,8.9700,8.9800,8.9700,8.9800,300
1431534589,8.9899,9.0000,8.9700,9.0000,500
1431534874,8.9700,8.9800,8.9600,8.9800,1600
1431535155,8.9600,8.9600,8.9600,8.9600,500
1431535498,8.9700,8.9700,8.9700,8.9700,200
1431535791,8.9600,8.9800,8.9500,8.9700,2900
1431536057,8.9200,8.9500,8.9200,8.9400,800
1431536236,8.9100,8.9200,8.9100,8.9100,300
1431536476,8.9200,8.9200,8.9100,8.9100,700
1431536912,8.9500,8.9599,8.9300,8.9300,1500
1431537216,8.9600,8.9600,8.9200,8.9200,900
1431537395,8.9630,8.9630,8.9600,8.9600,400
1431537891,8.9400,8.9750,8.9360,8.9750,1400
1431538192,8.9552,8.9950,8.9500,8.9800,6800
1431538389,8.9500,8.9530,8.9500,8.9530,400
1431538661,8.9500,8.9800,8.9500,8.9530,1100
1431538998,8.9600,8.9640,8.9600,8.9640,300
1431539330,9.0000,9.0000,8.9800,8.9800,800
1431539587,8.9800,9.0100,8.9800,8.9860,9700
1431539966,9.0000,9.0436,8.9900,9.0050,12000
1431540257,9.0000,9.0100,8.9900,9.0050,9300
1431540524,8.9900,8.9900,8.9900,8.9900,200
1431540830,8.9900,8.9930,8.9900,8.9930,300
1431541134,8.9600,8.9900,8.9500,8.9900,1100
1431541446,8.9500,8.9550,8.9500,8.9550,800
1431541762,8.9500,8.9799,8.9500,8.9500,600
1431542002,9.0000,9.0000,8.9600,8.9600,2000
1431542367,9.0000,9.0100,8.9830,8.9830,700
1431542672,8.9900,8.9900,8.9800,8.9800,200
1431542963,8.9800,9.0180,8.9800,9.0180,2200
1431543276,8.9900,9.0100,8.9800,8.9800,1000
1431543585,9.0000,9.0000,8.9800,8.9800,500
1431543877,8.9900,9.0100,8.9900,8.9900,2400
1431544141,8.9800,9.0000,8.9800,8.9900,1000
1431544436,8.9800,8.9830,8.9800,8.9800,700
1431544774,8.9900,8.9900,8.9600,8.9630,600
1431545051,8.9900,8.9900,8.9900,8.9900,1500
1431545370,9.0000,9.0000,8.9900,8.9900,1300
1431545672,8.9900,9.0050,8.9900,9.0000,1700
1431545951,8.9900,9.0100,8.9900,8.9900,3500
1431546296,9.0125,9.0125,8.9900,9.0000,3700
1431546483,9.0000,9.0000,8.9900,8.9900,1900
1431546883,8.9820,9.0050,8.9800,8.9900,9200
1431547148,8.9500,8.9900,8.9400,8.9820,22000
1431547200,8.9600,8.9600,8.9600,8.9600,0
1431610319,9.0300,9.0300,8.9600,8.9600,0
1431610760,8.9600,9.0100,8.9600,9.0000,3300
1431610979,8.9200,8.9500,8.9100,8.9500,400
1431611215,8.9350,8.9350,8.9350,8.9350,100
1431611577,8.9100,8.9450,8.9100,8.9450,400
1431611877,8.9001,8.9001,8.9001,8.9001,700
1431612198,8.9100,8.9200,8.9000,8.9100,900
1431612364,8.9400,8.9400,8.9400,8.9400,200
1431612868,8.9400,8.9600,8.9400,8.9400,700
1431613497,9.0000,9.0100,8.9550,8.9550,12800
1431613788,9.0000,9.0300,9.0000,9.0050,1900
1431614091,9.0000,9.0050,8.9900,8.9900,900
1431614360,9.0000,9.0000,8.9900,8.9900,8800
1431614614,9.0000,9.0100,9.0000,9.0000,5600
1431614807,9.0100,9.0100,8.9900,9.0000,600
1431615240,9.0000,9.0300,8.9900,9.0300,800
1431615363,9.0000,9.0000,9.0000,9.0000,300
1431615896,8.9900,9.0300,8.9900,9.0000,3800
1431616042,8.9900,8.9900,8.9900,8.9900,300
1431616463,9.0000,9.0000,9.0000,9.0000,1000
1431616775,8.9900,9.0050,8.9900,9.0000,7600
1431617069,9.0000,9.0000,9.0000,9.0000,1900
1431617395,9.0100,9.0100,8.9900,9.0000,1200
1431617569,9.0100,9.0100,9.0000,9.0000,800
1431617998,8.9900,9.0000,8.9900,8.9900,600
1431618083,8.9900,8.9900,8.9900,8.9900,300
1431618596,9.0000,9.0000,8.9900,9.0000,1200
1431618869,9.0000,9.0100,9.0000,9.0000,800
1431619121,8.9900,9.0000,8.9900,9.0000,300
1431619464,8.9900,9.0000,8.9900,8.9900,400
1431619775,9.0000,9.0000,8.9900,9.0000,700
1431620012,8.9900,8.9900,8.9900,8.9900,200
1431620382,8.9900,9.0000,8.9800,8.9900,3600
1431620587,9.0000,9.0000,8.9800,8.9850,4300
1431620985,8.9900,8.9900,8.9900,8.9900,100
1431621233,8.9900,9.0100,8.9900,9.0100,200
1431621447,9.0000,9.0000,9.0000,9.0000,1200
1431621848,9.0000,9.0199,9.0000,9.0000,2500
1431622019,9.0000,9.0000,9.0000,9.0000,600
1431622258,9.0199,9.0199,9.0199,9.0199,1100
 