uri:/instrument/1.0/TSCO/chartdata;type=quote;range=1d/csv
ticker:tsco
Company-Name:Tractor Supply Company
Exchange-Name:NMS
unit:MIN
timezone:EDT
currency:USD
gmtoffset:-14400
previous_close:86.4300
Timestamp:1431610200,1431633600
labels:1431612000,1431615600,1431619200,1431622800,1431626400,1431630000,1431633600
values:Timestamp,close,high,low,open,volume
close:85.7100,87.2800
high:85.7800,87.2800
low:85.6901,87.2800
open:85.7500,87.2800
volume:100,10200
1431610252,87.2100,87.2100,87.1600,87.1600,7400
1431610262,87.0700,87.1000,87.0600,87.1000,2000
1431610354,86.8200,86.8200,86.8200,86.8200,100
1431610380,86.6400,86.7700,86.6400,86.7700,800
1431610443,86.4200,86.6000,86.4200,86.6000,1100
1431610506,86.2800,86.5700,86.2800,86.5400,1400
1431610612,86.1400,86.1400,86.1400,86.1400,100
1431610629,86.0000,86.1400,86.0000,86.1400,600
1431610795,86.4700,86.4700,86.1200,86.1900,1600
1431610808,86.4300,86.4400,86.2300,86.4400,1200
1431610949,86.3200,86.3200,86.3200,86.3200,500
1431611039,86.1300,86.1400,86.1300,86.1400,300
1431611041,86.1400,86.1400,86.1400,86.1400,200
1431611115,86.1700,86.1700,86.1700,86.1700,100
1431611193,86.1000,86.1100,86.0600,86.1100,900
1431611326,86.1100,86.1100,86.0600,86.0600,1300
1431611399,85.9600,86.0600,85.9600,86.0600,500
1431611454,85.8500,86.0800,85.8500,86.0400,1600
1431611507,85.8900,85.9200,85.8900,85.8900,700
1431611538,85.7200,85.9100,85.6901,85.8900,4500
1431611597,85.7800,85.7800,85.7800,85.7800,900
1431611693,85.8100,85.8100,85.8100,85.8100,300
1431611713,85.8200,85.8600,85.8200,85.8600,800
1431611780,85.9200,85.9200,85.8600,85.9000,1000
1431611828,85.8900,85.8900,85.8800,85.8800,1100
1431611890,85.9200,85.9800,85.8900,85.8900,1100
1431611965,85.7800,85.7900,85.7800,85.7900,200
1431612015,85.7300,85.8700,85.7300,85.8700,500
1431612067,85.7100,85.8300,85.7100,85.7500,4300
1431612152,85.7700,85.8150,85.7600,85.7600,2600
1431612218,85.8100,85.8100,85.7800,85.7800,600
1431612258,85.8600,85.8600,85.8600,85.8600,600
1431612358,85.8700,85.9400,85.8616,85.8616,700
1431612407,85.8900,85.9073,85.8650,85.8700,600
1431612471,85.9100,85.9100,85.8900,85.8900,1100
1431612535,85.9700,85.9700,85.9296,85.9296,600
1431612558,86.0500,86.0700,86.0200,86.0200,1300
1431612716,86.1100,86.1200,86.1100,86.1200,700
1431612834,86.0800,86.1599,86.0500,86.1304,1300
1431612843,86.2100,86.2200,86.0500,86.0600,8300
1431612900,86.2400,86.2400,86.1100,86.2000,3400
1431612970,86.3700,86.3900,86.2300,86.2300,6200
1431613077,86.3400,86.3400,86.2700,86.3400,2500
1431613084,86.3350,86.3700,86.3000,86.3300,10200
1431613196,86.4300,86.4300,86.3194,86.3500,6300
1431613240,86.3900,86.4700,86.3600,86.4300,3900
1431613273,86.3200,86.4000,86.3200,86.4000,5400
1431613321,86.3300,86.3500,86.3200,86.3500,800
1431613397,86.2900,86.2900,86.2800,86.2800,1100
1431613465,86.2600,86.2600,86.2400,86.2600,900
1431613556,86.2700,86.3100,86.2700,86.2930,2700
1431613561,86.2600,86.2700,86.1600,86.2700,8200
1431613672,86.2497,86.2497,86.2300,86.2300,600
1431613720,86.2600,86.2600,86.2400,86.2400,900
1431613802,86.2700,86.3500,86.2700,86.2900,2100
1431613900,86.2100,86.2100,86.2100,86.2100,300
1431613982,86.2400,86.2400,86.2400,86.2400,400
1431614098,86.3500,86.3500,86.2700,86.2700,1400
1431614104,86.3600,86.3700,86.3400,86.3400,1200
1431614216,86.4500,86.4500,86.4100,86.4100,400
1431614272,86.4400,86.5000,86.4400,86.4500,2300
1431614306,86.4600,86.4600,86.4600,86.4600,100
1431614344,86.4700,86.4700,86.4300,86.4300,700
1431614465,86.4400,86.5300,86.4400,86.4600,2400
1431614632,86.4600,86.4600,86.4600,86.4600,100
1431614651,86.4800,86.4800,86.4600,86.4600,700
1431614703,86.4100,86.4900,86.4100,86.4900,800
1431614774,86.4500,86.4600,86.4300,86.4600,700
1431614854,86.5100,86.5100,86.5000,86.5000,600
1431614913,86.4600,86.4800,86.4600,86.4800,600
1431614999,86.5600,86.5600,86.4808,86.4808,1500
1431615022,86.5300,86.5699,86.5300,86.5699,700
1431615095,86.4200,86.4600,86.4200,86.4600,300
1431615120,86.4800,86.4894,86.4400,86.4400,700
1431615230,86.5600,86.5600,86.5200,86.5200,1100
1431615322,86.5600,86.5600,86.5600,86.5600,100
1431615372,86.6100,86.6100,86.5800,86.5800,600
1431615435,86.6200,86.6200,86.5900,86.5900,400
1431615501,86.6400,86.6600,86.6200,86.6300,2200
1431615550,86.6200,86.6200,86.6200,86.6200,1300
1431615656,86.6900,86.7300,86.6200,86.6200,1600
1431615668,86.7300,86.7400,86.6400,86.7100,2600
1431615762,86.7300,86.7300,86.7300,86.7300,200
1431615793,86.7400,86.7800,86.7400,86.7800,500
1431615870,86.7600,86.7600,86.7400,86.7400,600
1431616017,86.6800,86.7400,86.6800,86.7400,700
1431616078,86.7700,86.7700,86.6400,86.6800,5600
1431616083,86.8000,86.8000,86.8000,86.8000,1600
1431616160,86.7200,86.7900,86.7200,86.7900,800
1431616269,86.6900,86.7100,86.6900,86.7100,1000
1431616376,86.6400,86.6400,86.6400,86.6400,100
1431616433,86.6100,86.6466,86.6100,86.6400,400
1431616450,86.5900,86.5900,86.5900,86.5900,100
1431616558,86.5600,86.5900,86.5600,86.5900,700
1431616583,86.5700,86.5700,86.5600,86.5600,1600
1431616650,86.6000,86.6000,86.6000,86.6000,200
1431616705,86.6400,86.6400,86.6400,86.6400,400
1431616899,86.7200,86.7200,86.7200,86.7200,700
1431616927,86.7600,86.7600,86.7200,86.7200,900
1431617007,86.6800,86.7500,86.6800,86.7400,1500
1431617156,86.7078,86.7078,86.7078,86.7078,100
1431617162,86.7096,86.7096,86.7096,86.7096,100
1431617258,86.7100,86.7200,86.7100,86.7100,1400
1431617287,86.6900,86.7300,86.6900,86.7300,200
1431617395,86.7400,86.7400,86.7100,86.7100,700
1431617487,86.6500,86.7400,86.6500,86.7400,2100
1431617536,86.7600,86.7600,86.6250,86.6250,2400
1431617633,86.7612,86.7612,86.7612,86.7612,500
1431617668,86.7500,86.7500,86.7500,86.7500,100
1431617703,86.7200,86.7400,86.7200,86.7400,1200
1431617863,86.6900,86.7000,86.6900,86.7000,1200
1431617912,86.6900,86.6900,86.6100,86.6500,5000
1431617998,86.7000,86.7200,86.6800,86.6800,600
1431618058,86.7500,86.7500,86.7100,86.7100,1300
1431618088,86.8000,86.8000,86.7300,86.7500,3600
1431618171,86.8000,86.8000,86.8000,86.8000,100
1431618222,86.8101,86.8101,86.8101,86.8101,400
1431618293,86.8600,86.8700,86.8400,86.8400,1300
1431618329,86.8400,86.8600,86.8400,86.8600,900
1431618409,86.8400,86.8400,86.8100,86.8100,500
1431618457,86.8800,86.8800,86.8800,86.8800,100
1431618481,86.9400,86.9400,86.9000,86.9000,1100
1431618596,86.9300,86.9600,86.9100,86.9500,1500
1431618655,86.9901,87.0000,86.9800,86.9800,2900
1431618660,87.0100,87.0300,87.0000,87.0000,2300
1431618762,86.9995,86.9995,86.9995,86.9995,200
1431618827,86.9400,86.9800,86.9400,86.9800,200
1431618848,86.9100,86.9100,86.9100,86.9100,200
1431618900,86.9800,86.9800,86.9300,86.9300,1800
1431619144,87.0000,87.0000,87.0000,87.0000,100
1431619250,87.0000,87.0200,87.0000,87.0200,700
1431619282,87.0000,87.0000,87.0000,87.0000,700
1431619323,86.9800,86.9800,86.9800,86.9800,100
1431619398,86.9800,86.9800,86.9800,86.9800,300
1431619471,87.0200,87.0200,86.9500,86.9500,900
1431619577,87.0200,87.0200,87.0200,87.0200,100
1431619651,87.0200,87.0200,87.0200,87.0200,700
1431619752,87.0300,87.0300,87.0300,87.0300,200
1431619865,87.0200,87.0200,87.0200,87.0200,100
1431619975,87.1000,87.1000,87.0500,87.0500,900
1431619983,87.0800,87.0800,87.0800,87.0800,600
1431620047,87.0900,87.0900,87.0732,87.0732,800
1431620101,87.1000,87.1000,87.1000,87.1000,100
1431620232,87.1300,87.1400,87.0850,87.0850,2700
1431620320,87.1650,87.1800,87.1650,87.1800,2500
1431620388,87.1900,87.1900,87.1700,87.1800,500
1431620432,87.2399,87.2399,87.2144,87.2144,1400
1431620475,87.2000,87.2500,87.2000,87.2500,2800
1431620572,87.2400,87.2400,87.2200,87.2200,500
1431620618,87.2200,87.2200,87.2200,87.2200,100
1431620641,87.2400,87.2500,87.2400,87.2407,1000
1431620706,87.2600,87.2600,87.2600,87.2600,100
1431620790,87.2100,87.2456,87.2100,87.2456,1400
1431620900,87.2200,87.2200,87.2100,87.2100,300
1431620959,87.2500,87.2500,87.2300,87.2300,700
1431621001,87.2800,87.2800,87.2700,87.2700,1200
1431621179,87.2700,87.2750,87.2700,87.2750,700
1431621209,87.2700,87.2700,87.2700,87.2700,100
1431621244,87.2800,87.2800,87.2800,87.2800,500
1431621315,87.2700,87.2700,87.2700,87.2700,100
1431621416,87.2800,87.2800,87.2400,87.2700,1200
1431621447,87.2500,87.2500,87.2200,87.2200,3100
1431621635,87.2500,87.2500,87.2300,87.2400,1200
1431621699,87.2550,87.2550,87.2100,87.2100,600
1431621772,87.2300,87.2300,87.1832,87.1832,600
1431621803,87.1700,87.2300,87.1700,87.2300,200
1431621895,87.1697,87.1697,87.1697,87.1697,800
1431621940,87.2400,87.2400,87.2000,87.2200,700
1431622019,87.2100,87.2100,87.2100,87.2100,300
1431622020,87.1700,87.1900,87.1700,87.1900,600
1431622100,87.2000,87.2000,87.1900,87.1900,700
1431622177,87.2200,87.2200,87.2200,87.2200,200
                                                        