uri:/instrument/1.0/ZAIS/chartdata;type=quote;range=500d/csv
ticker:zais
Company-Name:
Exchange-Name:NCM
unit:MIN
timezone:EDT
currency:USD
gmtoffset:-14400
previous_close:10.5000
range:20150424,1429882200,1429905600
range:20150427,1430141400,1430164800
range:20150428,1430227800,1430251200
range:20150429,1430314200,1430337600
range:20150430,1430400600,1430424000
range:20150501,1430487000,1430510400
range:20150504,1430746200,1430769600
range:20150505,1430832600,1430856000
range:20150506,1430919000,1430942400
range:20150507,1431005400,1431028800
range:20150508,1431091800,1431115200
range:20150511,1431351000,1431374400
range:20150512,1431437400,1431460800
range:20150513,1431523800,1431547200
range:20150514,1431610200,1431633600
Timestamp:1429882200,1431633600
labels:1429882200,1430141400,1430227800,1430314200,1430400600,1430487000,1430746200,1430832600,1430919000,1431005400,1431091800,1431351000,1431437400,1431523800,1431610200
values:Timestamp,close,high,low,open,volume
close:9.5110,11.0000
high:9.5110,11.3500
low:9.5110,11.0000
open:9.5110,11.3500
volume:0,1900
1429883432,9.5110,9.5110,9.5110,9.5110,100
1429887900,9.8000,9.8000,9.8000,9.8000,100
1429888505,9.8000,9.8000,9.8000,9.8000,100
1429890000,9.8000,9.8000,9.8000,9.8000,100
1429892700,9.8000,9.8000,9.8000,9.8000,100
1429895400,9.8000,9.8000,9.8000,9.8000,100
1429898113,9.8000,9.8200,9.8000,9.8200,200
1429900800,9.8200,9.8200,9.8200,9.8200,300
1429903125,9.8100,9.8400,9.8000,9.8400,600
1429905565,9.8100,9.8100,9.7800,9.7800,500
1429905600,9.8100,9.8100,9.8100,9.8100,100
1430145000,9.7500,9.7500,9.7500,9.7500,0
1430147400,9.7500,9.7500,9.7500,9.7500,100
1430149772,9.7500,9.7500,9.7500,9.7500,100
1430149800,9.7500,9.7500,9.7500,9.7500,100
1430152800,9.7900,9.7900,9.7900,9.7900,100
1430156100,9.7900,9.7900,9.7900,9.7900,100
1430159100,9.7900,9.7900,9.7900,9.7900,100
1430160972,9.8400,9.8400,9.6900,9.7900,1000
1430161500,9.8400,9.8400,9.8400,9.8400,100
1430162030,9.8400,9.8400,9.8400,9.8400,100
1430163554,10.1000,10.1000,9.8400,9.8400,1200
1430163600,10.1000,10.1000,10.1000,10.1000,100
1430164185,10.1000,10.1000,10.1000,10.1000,300
1430164245,10.1000,10.1000,10.1000,10.1000,200
1430164745,10.3200,10.3200,10.1000,10.1000,700
1430228455,9.7100,9.7100,9.7100,9.7100,0
1430232655,9.8000,9.8000,9.8000,9.8000,100
1430234755,9.8000,9.8000,9.8000,9.8000,100
1430237155,9.8000,9.8000,9.8000,9.8000,100
1430240155,9.8000,9.8000,9.8000,9.8000,100
1430243275,9.5510,9.8000,9.5510,9.8000,200
1430243610,9.8000,9.8000,9.8000,9.8000,100
1430246001,9.8000,9.8000,9.8000,9.8000,300
1430246210,9.8400,9.8400,9.8000,9.8000,900
1430247290,9.9300,9.9300,9.8900,9.8900,1500
1430248128,9.9400,9.9400,9.9400,9.9400,100
1430248683,9.9400,9.9400,9.9400,9.9400,100
1430249163,9.9400,9.9400,9.9400,9.9400,100
1430249620,9.9400,9.9400,9.9400,9.9400,200
1430250288,9.9400,9.9400,9.9400,9.9400,200
1430250518,9.9300,9.9400,9.9300,9.9400,400
1430250849,9.9400,9.9400,9.9400,9.9400,400
1430251183,9.9900,9.9900,9.9300,9.9400,600
1430251200,9.9700,9.9700,9.9700,9.9700,200
1430318328,9.7100,9.7100,9.7100,9.7100,0
1430320500,9.8000,9.8000,9.8000,9.8000,100
1430322900,9.8000,9.8000,9.8000,9.8000,100
1430325900,9.7900,9.7900,9.7900,9.7900,300
1430333400,9.7900,9.7900,9.7900,9.7900,200
1430336700,9.7900,9.7900,9.7900,9.7900,100
1430337554,9.8000,9.8000,9.5600,9.7900,400
1430337600,9.8000,9.8000,9.8000,9.8000,100
1430401170,9.5800,9.5800,9.5800,9.5800,0
1430402579,9.8000,9.8000,9.8000,9.8000,400
1430406600,9.7900,9.7900,9.7900,9.7900,100
1430409000,9.8000,9.8000,9.8000,9.8000,100
1430412000,9.8000,9.8000,9.8000,9.8000,100
1430415000,9.8000,9.8000,9.8000,9.8000,100
1430418000,9.8000,9.8000,9.8000,9.8000,100
1430420100,9.8000,9.8000,9.8000,9.8000,100
1430421900,9.8000,9.8000,9.8000,9.8000,100
1430423400,9.8000,9.8000,9.8000,9.8000,100
1430423993,9.8500,9.8500,9.8000,9.8000,600
1430424000,9.8500,9.8500,9.8500,9.8500,200
1430487000,9.8000,9.8000,9.8000,9.8000,0
1430490600,9.8000,9.8000,9.8000,9.8000,100
1430495400,9.8000,9.8000,9.8000,9.8000,200
1430498400,9.8000,9.8000,9.8000,9.8000,100
1430500109,9.6200,9.6200,9.6200,9.6200,100
1430501400,9.7900,9.7900,9.7900,9.7900,100
1430507690,9.5400,9.6200,9.5400,9.6200,400
1430508900,10.3200,10.3200,10.3200,10.3200,100
1430510356,10.1800,10.3200,10.1800,10.3200,500
1430746446,9.8200,9.8200,9.7100,9.7100,0
1430750295,9.7800,9.7800,9.6210,9.6210,600
1430751883,9.7700,9.7700,9.7700,9.7700,100
1430754108,9.7700,9.7700,9.7700,9.7700,100
1430757825,9.7700,9.7700,9.7700,9.7700,100
1430759450,9.8500,9.8500,9.8500,9.8500,500
1430760362,9.8300,9.8300,9.8300,9.8300,600
1430760869,9.8300,9.8300,9.8300,9.8300,100
1430763353,9.8300,9.8300,9.8300,9.8300,100
1430766080,9.8300,9.8300,9.8300,9.8300,200
1430769573,9.8200,9.8200,9.7800,9.7800,400
1430769600,9.8200,9.8200,9.8200,9.8200,100
1430832729,9.6500,9.6500,9.6500,9.6500,0
1430836029,9.8900,9.8900,9.8900,9.8900,100
1430838129,9.8900,9.8900,9.8900,9.8900,100
1430840244,9.8800,9.8800,9.8800,9.8800,500
1430842629,9.8600,9.8600,9.8600,9.8600,200
1430845629,9.8900,9.8900,9.8900,9.8900,100
1430846075,9.8200,9.8300,9.8200,9.8200,400
1430848525,9.6600,9.6600,9.6600,9.6600,100
1430853429,9.8100,9.8100,9.8100,9.8100,100
1430854929,9.8100,9.8100,9.8100,9.8100,100
1430855968,9.8700,9.8800,9.8200,9.8200,300
1430856000,9.8800,9.8800,9.8800,9.8800,200
1430922545,10.1000,10.1000,10.1000,10.1000,0
1430928096,10.1000,10.1000,10.1000,10.1000,300
1430928300,10.1000,10.1000,10.1000,10.1000,200
1430929541,10.1500,10.1500,10.1500,10.1500,100
1430931180,10.1500,10.1500,10.1500,10.1500,200
1430932565,10.1500,10.1500,10.1500,10.1500,200
1430933979,10.1500,10.1500,9.9400,10.1500,1100
1430934180,9.9900,10.1500,9.9400,9.9500,900
1430934430,9.9400,9.9800,9.9400,9.9800,200
1430937399,9.9200,9.9900,9.9200,9.9900,300
1430938176,9.9900,9.9900,9.9900,9.9900,200
1430938200,9.9900,9.9900,9.9900,9.9900,200
1430939941,10.1500,10.1500,10.1500,10.1500,200
1430940300,10.1500,10.1500,10.1500,10.1500,100
1430940854,10.1800,10.1800,10.1800,10.1800,200
1430940982,10.0700,10.0700,10.0700,10.0700,200
1430941500,10.0000,10.0000,10.0000,10.0000,100
1430942040,10.0000,10.0000,10.0000,10.0000,100
1430942365,10.1800,10.1800,10.0000,10.0000,500
1430942400,10.1800,10.1800,10.1800,10.1800,100
1431009543,10.1000,10.1000,10.1000,10.1000,0
1431011653,9.8806,10.1000,9.8806,9.9950,1000
1431011716,9.8800,9.8800,9.8800,9.8800,300
1431012279,9.8800,9.8800,9.8800,9.8800,100
1431012365,9.8800,9.8800,9.8800,9.8800,100
1431012834,9.8800,9.8800,9.8800,9.8800,100
1431017509,9.8800,9.8800,9.8800,9.8800,200
1431018432,9.9800,9.9800,9.9800,9.9800,100
1431018865,9.9800,9.9800,9.9800,9.9800,200
1431020332,9.9900,9.9900,9.9900,9.9900,200
1431020822,9.9900,9.9900,9.9900,9.9900,400
1431023045,10.0400,10.0400,10.0400,10.0400,200
1431023523,10.0400,10.0400,10.0400,10.0400,200
1431023790,10.0400,10.0400,10.0400,10.0400,300
1431025073,10.1000,10.1000,10.1000,10.1000,500
1431026374,10.1000,10.1000,10.1000,10.1000,300
1431026594,10.1000,10.1000,10.1000,10.1000,100
1431027419,10.1000,10.1000,10.1000,10.1000,300
1431027965,10.1000,10.1000,10.1000,10.1000,100
1431028315,10.1000,10.1000,10.1000,10.1000,100
1431028763,10.1450,10.1500,10.1000,10.1000,400
1431093095,9.7200,9.7200,9.6500,9.7200,0
1431095265,9.6600,9.6600,9.6600,9.6600,200
1431096257,9.7100,9.8000,9.6600,9.6700,600
1431096695,9.8000,9.8000,9.8000,9.8000,100
1431099695,9.8000,9.8000,9.8000,9.8000,200
1431101230,9.8500,9.8500,9.8000,9.8000,700
1431101453,9.8500,9.8500,9.8500,9.8500,400
1431101815,9.9200,9.9800,9.9200,9.9800,500
1431102442,10.0500,10.0500,10.0500,10.0500,100
1431104148,9.9300,10.0300,9.9210,9.9210,900
1431104468,10.0500,10.0500,10.0500,10.0500,100
1431106895,10.0200,10.0200,10.0200,10.0200,100
1431107529,10.0500,10.0500,10.0500,10.0500,100
1431108135,10.0500,10.0500,10.0500,10.0500,100
1431108695,10.0500,10.0500,10.0500,10.0500,100
1431109595,10.0500,10.0500,10.0500,10.0500,200
1431110195,10.0500,10.0500,10.0500,10.0500,100
1431110521,10.0300,10.0300,10.0300,10.0300,200
1431111815,10.1000,10.1000,10.1000,10.1000,200
1431112774,10.1000,10.1000,10.1000,10.1000,200
1431113185,10.1000,10.1000,10.1000,10.1000,200
1431114299,10.6900,11.3400,10.6900,11.3400,700
1431114551,11.0000,11.3500,11.0000,11.3500,700
1431114867,9.6900,10.9000,9.6900,10.9000,800
1431115174,10.4900,10.5000,10.4900,10.5000,300
1431115200,10.5000,10.5000,10.5000,10.5000,400
1431351436,10.4900,10.5000,10.2900,10.3500,0
1431352032,10.7000,10.7000,10.7000,10.7000,300
1431353652,10.4700,10.5001,10.4700,10.5000,1300
1431353807,10.2600,10.4000,10.2600,10.3900,600
1431356422,10.4000,10.4000,10.4000,10.4000,100
1431357168,10.3400,10.4000,10.3400,10.4000,400
1431358166,10.4000,10.4000,10.3600,10.3600,200
1431359428,10.3600,10.3600,10.3600,10.3600,200
1431361222,10.3700,10.3700,10.3700,10.3700,100
1431362623,10.3800,10.3800,10.3800,10.3800,200
1431362736,10.3700,10.3700,10.3700,10.3700,100
1431363322,10.3900,10.3900,10.3900,10.3900,200
1431364324,10.4000,10.4000,10.4000,10.4000,200
1431365098,10.4000,10.4000,10.4000,10.4000,300
1431367324,10.4900,10.4900,10.4800,10.4800,200
1431369022,10.4900,10.4900,10.4900,10.4900,100
1431370198,10.5000,10.5000,10.5000,10.5000,200
1431370563,10.5000,10.5000,10.5000,10.5000,200
1431371837,10.4900,10.4900,10.4900,10.4900,100
1431372038,10.4900,10.4900,10.4800,10.4800,300
1431373222,10.5000,10.5000,10.5000,10.5000,200
1431373908,10.4500,10.5000,10.4500,10.5000,900
1431374365,10.5000,10.5000,10.4900,10.4900,600
1431374400,10.5000,10.5000,10.5000,10.5000,200
1431437798,9.8610,9.9000,9.8610,9.9000,0
1431438597,10.2800,10.2800,10.2800,10.2800,200
1431438876,10.2800,10.2800,10.2800,10.2800,600
1431439093,10.2750,10.2800,10.2750,10.2800,200
1431439341,10.4150,10.4900,10.3800,10.3800,300
1431440162,10.3400,10.4150,10.3400,10.4150,500
1431441974,10.3400,10.5000,10.3400,10.5000,1100
1431442292,10.4999,10.4999,10.4999,10.4999,100
1431442800,10.5000,10.5000,10.5000,10.5000,100
1431444216,10.5000,10.5000,10.4900,10.4900,300
1431444376,10.3800,10.3800,10.3800,10.3800,100
1431444900,10.5000,10.5000,10.5000,10.5000,100
1431445297,10.4999,10.4999,10.4999,10.4999,100
1431446100,10.5000,10.5000,10.5000,10.5000,100
1431447300,10.5000,10.5000,10.5000,10.5000,100
1431448301,10.5000,10.5000,10.5000,10.5000,100
1431448673,10.3800,10.5000,10.3800,10.5000,1500
1431450000,10.5000,10.5000,10.5000,10.5000,100
1431451290,10.4999,10.5000,10.4999,10.5000,200
1431452700,10.5000,10.5000,10.5000,10.5000,100
1431453588,10.5000,10.5000,10.4800,10.5000,1500
1431453715,10.5000,10.5000,10.5000,10.5000,300
1431454170,10.5000,10.5000,10.4900,10.5000,300
1431454380,10.5800,10.5800,10.5000,10.5000,1000
1431456300,10.5500,10.5500,10.5500,10.5500,100
1431457017,10.5000,10.5500,10.5000,10.5500,300
1431457293,10.5499,10.5500,10.5499,10.5500,200
1431458027,10.5000,10.5150,10.4800,10.4800,1100
1431458224,10.5200,10.5200,10.5200,10.5200,100
1431458551,10.5050,10.5050,10.4800,10.5050,1900
1431459277,10.5300,10.5300,10.5300,10.5300,100
1431459300,10.5300,10.5300,10.5300,10.5300,100
1431459814,10.5300,10.5300,10.5300,10.5300,100
1431460117,10.5500,10.5500,10.5100,10.5300,500
1431460420,10.5300,10.5500,10.5300,10.5500,1000
1431460754,10.5500,10.5500,10.5200,10.5400,1000
1431460800,10.5500,10.5500,10.5500,10.5500,100
1431524343,10.5500,10.5500,10.5500,10.5500,0
1431526143,10.5500,10.5500,10.5500,10.5500,100
1431526463,10.0600,10.0600,10.0600,10.0600,100
1431526776,10.5500,10.5500,10.5500,10.5500,100
1431527043,10.5400,10.5400,10.5400,10.5400,100
1431527629,10.5500,10.5500,10.5500,10.5500,200
1431527943,10.5000,10.5000,10.0700,10.0700,300
1431528406,10.0900,10.0900,10.0900,10.0900,100
1431529133,10.0920,10.0920,10.0920,10.0920,300
1431530849,10.4900,10.4900,10.4900,10.4900,300
1431532443,10.4900,10.4900,10.4900,10.4900,100
1431532775,10.4999,10.4999,10.4999,10.4999,100
1431533643,10.5000,10.5000,10.5000,10.5000,100
1431535143,10.5000,10.5000,10.5000,10.5000,100
1431535398,10.5000,10.5000,10.5000,10.5000,500
1431535771,10.4950,10.5000,10.4950,10.5000,200
1431536343,10.5000,10.5000,10.5000,10.5000,100
1431537023,10.4800,10.4800,10.4800,10.4800,100
1431537843,10.5000,10.5000,10.5000,10.5000,100
1431538244,10.5000,10.5000,10.5000,10.5000,100
1431538770,10.5000,10.5000,10.5000,10.5000,200
1431539343,10.4900,10.4900,10.4900,10.4900,100
1431539524,10.4900,10.4900,10.4900,10.4900,100
1431540877,10.4900,10.4900,10.4900,10.4900,200
1431541294,10.4900,10.4900,10.4900,10.4900,100
1431541777,10.5000,10.5000,10.5000,10.5000,100
1431541960,10.5000,10.5000,10.5000,10.5000,200
1431543243,10.5000,10.5000,10.5000,10.5000,100
1431543380,10.4950,10.4950,10.4950,10.4950,100
1431543759,10.4900,10.4900,10.4900,10.4900,200
1431544443,10.5000,10.5000,10.5000,10.5000,100
1431544900,10.5000,10.5000,10.5000,10.5000,100
1431545343,10.5000,10.5000,10.5000,10.5000,100
1431545533,10.5000,10.5000,10.3000,10.4950,700
1431545943,10.5000,10.5000,10.5000,10.5000,100
1431546543,10.5000,10.5000,10.5000,10.5000,200
1431546883,10.5000,10.5000,10.5000,10.5000,100
1431547155,10.5000,10.5000,10.5000,10.5000,600
1431610428,10.1500,10.1500,10.1500,10.1500,0
1431611043,10.2600,10.2600,10.2600,10.2600,200
1431613007,10.1300,10.1300,10.1300,10.1300,100
1431613764,10.2900,10.2900,10.2900,10.2900,300
1431614864,10.2900,10.2900,10.2300,10.2300,600
1431615282,10.3900,10.4500,10.3900,10.4500,400
1431616169,10.4300,10.4300,10.4300,10.4300,200
1431616565,10.3900,10.3900,10.3800,10.3800,300
1431617982,10.0300,10.0300,10.0300,10.0300,100
1431618886,10.1200,10.1200,10.1200,10.1200,200
1431619167,10.3900,10.3900,10.1500,10.1500,1000
1431619634,10.4500,10.4500,10.4500,10.4500,200
1431620681,10.1800,10.1800,10.1800,10.1800,100
1431621235,10.2500,10.2500,10.2500,10.2500,100
1431621686,10.2500,10.2500,10.2500,10.2500,200
1431622172,10.4290,10.4290,10.2500,10.2500,400
            