Date,Open,High,Low,Close,Volume,Adj Close
2015-04-30,1.88,2.24,1.84,2.12,168700,2.12
2015-04-29,1.86,1.90,1.80,1.88,13000,1.88
2015-04-28,1.92,1.97,1.84,1.88,6500,1.88
2015-04-27,1.89,1.96,1.89,1.92,7500,1.92
2015-04-24,1.89,1.92,1.86,1.88,11900,1.88
2015-04-23,1.88,1.99,1.69,1.94,27100,1.94
2015-04-22,2.00,2.04,1.85,1.88,77600,1.88
2015-04-21,2.04,2.05,1.98,2.00,10500,2.00
2015-04-20,2.00,2.06,2.00,2.03,6400,2.03
2015-04-17,1.95,2.03,1.95,2.00,36600,2.00
2015-04-16,1.98,2.00,1.95,1.96,5800,1.96
2015-04-15,2.00,2.12,2.00,2.03,4400,2.03
2015-04-14,2.03,2.09,1.94,2.01,36200,2.01
2015-04-13,1.94,2.24,1.94,2.04,117200,2.04
2015-04-10,1.96,2.10,1.85,1.85,109800,1.85
2015-04-09,2.07,2.07,1.95,2.00,31700,2.00
2015-04-08,2.03,2.17,1.95,2.01,39600,2.01
2015-04-07,2.10,2.17,1.94,1.94,21600,1.94
2015-04-06,2.10,2.36,2.10,2.15,24700,2.15
2015-04-02,1.95,2.11,1.95,2.11,16200,2.11
2015-04-01,1.89,2.01,1.89,2.01,42300,2.01
2015-03-31,1.77,2.03,1.75,2.01,49300,2.01
2015-03-30,2.05,2.05,1.66,1.87,187300,1.87
2015-03-27,2.09,2.12,2.07,2.09,22800,2.09
2015-03-26,2.03,2.14,2.03,2.14,20300,2.14
2015-03-25,2.20,2.31,2.01,2.12,205900,2.12
2015-03-24,2.47,2.47,2.35,2.36,24200,2.36
2015-03-23,2.41,2.44,2.38,2.42,15100,2.42
2015-03-20,2.43,2.50,2.35,2.41,44600,2.41
2015-03-19,2.43,2.51,2.40,2.41,11400,2.41
2015-03-18,2.49,2.53,2.45,2.46,17000,2.46
2015-03-17,2.53,2.63,2.49,2.49,21700,2.49
2015-03-16,2.49,2.55,2.36,2.53,26800,2.53
2015-03-13,2.51,2.51,2.40,2.43,22200,2.43
2015-03-12,2.56,2.56,2.31,2.43,160400,2.43
2015-03-11,2.66,2.69,2.51,2.55,83900,2.55
2015-03-10,2.64,2.77,2.62,2.66,79300,2.66
2015-03-09,2.52,2.83,2.52,2.74,50700,2.74
2015-03-06,2.55,2.57,2.52,2.52,22400,2.52
2015-03-05,2.58,2.59,2.54,2.55,17000,2.55
2015-03-04,2.59,2.59,2.55,2.58,19600,2.58
2015-03-03,2.54,2.56,2.53,2.55,31200,2.55
2015-03-02,2.54,2.62,2.51,2.58,94800,2.58
2015-02-27,2.55,2.64,2.55,2.63,13300,2.63
2015-02-26,2.61,2.62,2.52,2.55,23900,2.55
2015-02-25,2.74,2.80,2.63,2.64,48600,2.64
2015-02-24,2.90,2.90,2.70,2.74,70500,2.74
2015-02-23,2.51,2.85,2.45,2.65,82100,2.65
2015-02-20,2.38,2.58,2.38,2.51,62600,2.51
2015-02-19,2.40,2.48,2.40,2.41,27000,2.41
2015-02-18,2.37,2.48,2.37,2.38,39600,2.38
2015-02-17,2.33,2.45,2.31,2.36,69100,2.36
2015-02-13,2.46,2.47,2.25,2.42,298500,2.42
2015-02-12,3.05,3.05,2.45,2.49,533500,2.49
2015-02-11,3.68,3.76,2.95,2.98,656900,2.98
2015-02-10,3.23,3.23,2.95,2.98,132000,2.98
2015-02-09,3.26,3.29,2.99,3.20,248500,3.20
2015-02-06,3.10,3.20,2.94,3.13,334900,3.13
2015-02-05,3.05,3.25,2.86,2.93,611200,2.93
2015-02-04,2.69,2.98,2.67,2.98,222200,2.98
2015-02-03,2.53,2.68,2.53,2.64,13200,2.64
2015-02-02,2.53,2.58,2.40,2.58,46300,2.58
2015-01-30,2.60,2.62,2.57,2.57,51300,2.57
2015-01-29,2.60,2.63,2.60,2.63,20500,2.63
2015-01-28,2.62,2.74,2.60,2.68,12700,2.68
2015-01-27,2.55,2.76,2.55,2.62,22500,2.62
2015-01-26,2.60,2.74,2.59,2.63,48200,2.63
2015-01-23,2.60,2.70,2.60,2.68,27000,2.68
2015-01-22,2.68,2.70,2.55,2.68,45100,2.68
2015-01-21,2.64,2.64,2.51,2.58,47300,2.58
2015-01-20,2.82,2.87,2.60,2.64,78600,2.64
2015-01-16,2.88,2.90,2.65,2.78,74500,2.77
2015-01-15,2.81,2.97,2.77,2.88,70000,2.86964
2015-01-14,2.59,2.80,2.46,2.77,62100,2.76004
2015-01-13,2.46,2.67,2.37,2.63,52000,2.62054
2015-01-12,2.46,2.49,2.35,2.47,60800,2.46112
2015-01-09,2.44,2.45,2.37,2.41,19900,2.40133
2015-01-08,2.43,2.43,2.35,2.43,53800,2.42126
2015-01-07,2.38,2.46,2.30,2.43,76900,2.42126
2015-01-06,2.58,2.58,2.30,2.37,99600,2.36147
2015-01-05,2.85,2.85,2.41,2.64,192400,2.6305
2015-01-02,2.85,2.85,2.70,2.74,59200,2.73014
2014-12-31,2.98,3.10,2.70,2.78,170700,2.77
2014-12-30,2.88,3.20,2.78,2.95,345600,2.93939
2014-12-29,2.60,3.39,2.55,2.86,629300,2.84971
2014-12-26,2.05,2.45,2.05,2.36,188000,2.35151
2014-12-24,1.99,2.05,1.70,2.00,191700,1.99281
2014-12-23,1.56,1.99,1.56,1.90,137400,1.89317
2014-12-22,1.52,1.58,1.52,1.56,15200,1.55439
2014-12-19,1.45,1.49,1.42,1.49,19000,1.48464
2014-12-18,1.57,1.57,1.40,1.45,78300,1.44478
2014-12-17,1.59,1.60,1.56,1.57,10100,1.56435
2014-12-16,1.67,1.67,1.57,1.58,13100,1.57432
2014-12-15,1.70,1.77,1.65,1.65,41900,1.64406
2014-12-12,1.52,1.75,1.47,1.65,40200,1.64406
2014-12-11,1.48,1.58,1.47,1.52,11000,1.51453
2014-12-10,1.50,1.54,1.47,1.48,36500,1.47468
2014-12-09,1.65,1.65,1.50,1.50,85200,1.4946
2014-12-08,1.70,1.79,1.67,1.69,95200,1.68392
2014-12-05,1.67,1.85,1.66,1.67,126100,1.66399
2014-12-04,1.53,1.79,1.53,1.66,172700,1.65403
2014-12-03,1.38,1.62,1.35,1.54,306200,1.53446
2014-12-02,1.31,1.37,1.29,1.33,130800,1.32522
2014-12-01,1.20,1.30,1.20,1.29,107900,1.28536
2014-11-28,1.10,1.20,1.09,1.20,44100,1.19568
2014-11-26,1.11,1.15,1.11,1.12,62700,1.11597
2014-11-25,1.13,1.15,1.10,1.11,48100,1.10601
2014-11-24,1.11,1.14,1.10,1.12,89900,1.11597
2014-11-21,1.14,1.15,1.03,1.12,140600,1.11597
2014-11-20,1.31,1.31,1.00,1.02,372300,1.01633
2014-11-19,1.30,1.36,1.28,1.30,62800,1.29532
2014-11-18,1.30,1.32,1.27,1.30,56100,1.29532
2014-11-17,1.36,1.36,1.26,1.27,116400,1.26543
2014-11-14,1.32,1.35,1.28,1.33,461400,1.32522
2014-11-13,1.36,1.39,1.27,1.33,230200,1.32522
2014-11-12,1.28,1.36,1.26,1.30,112700,1.29532
2014-11-11,1.31,1.50,1.23,1.27,367500,1.26543
2014-11-10,1.22,1.31,1.11,1.19,131400,1.18572
2014-11-07,1.24,1.29,1.11,1.20,44600,1.19568
2014-11-06,1.38,1.38,1.28,1.29,49200,1.28536
2014-11-05,1.38,1.43,1.35,1.39,25800,1.385
2014-11-04,1.39,1.39,1.35,1.38,11300,1.37504
2014-11-03,1.41,1.43,1.39,1.39,46800,1.385
2014-10-31,1.47,1.47,1.39,1.41,45400,1.40493
2014-10-30,1.43,1.46,1.40,1.40,30800,1.39496
2014-10-29,1.41,1.47,1.40,1.43,31700,1.42486
2014-10-28,1.57,1.58,1.43,1.45,54100,1.44478
2014-10-27,1.61,1.65,1.56,1.56,14300,1.55439
2014-10-24,1.55,1.62,1.53,1.61,18900,1.60421
2014-10-23,1.53,1.54,1.44,1.54,14500,1.53446
2014-10-22,1.63,1.64,1.53,1.53,10000,1.5245
2014-10-21,1.61,1.63,1.59,1.62,10100,1.61417
2014-10-20,1.61,1.64,1.59,1.64,4500,1.6341
2014-10-17,1.80,1.80,1.63,1.64,60600,1.6341
2014-10-16,1.69,1.76,1.67,1.75,7300,1.74371
2014-10-15,1.67,1.77,1.67,1.71,5700,1.70385
2014-10-14,1.67,1.73,1.66,1.68,13300,1.67396
2014-10-13,1.85,1.93,1.65,1.68,23200,1.67396
2014-10-10,2.02,2.18,1.83,1.83,23100,1.82342
2014-10-09,2.09,2.15,2.04,2.06,17400,2.05259
2014-10-08,1.98,2.14,1.98,2.04,23400,2.03266
2014-10-07,2.11,2.17,1.95,1.95,32300,1.94299
2014-10-06,2.14,2.19,2.02,2.09,22200,2.08248
2014-10-03,2.26,2.26,2.14,2.15,19300,2.14227
2014-10-02,2.13,2.56,2.13,2.14,58500,2.1323
2014-10-01,2.28,2.34,2.13,2.15,38900,2.1323
2014-09-30,2.18,2.28,2.18,2.26,5700,2.2414
2014-09-29,2.17,2.20,2.12,2.20,9500,2.18189
2014-09-26,2.15,2.23,2.15,2.21,15500,2.19181
2014-09-25,2.24,2.24,2.15,2.16,7300,2.14222
2014-09-24,2.20,2.24,2.16,2.23,88800,2.21164
2014-09-23,2.19,2.20,2.16,2.17,8000,2.15214
2014-09-22,2.18,2.20,2.16,2.18,14900,2.16206
2014-09-19,2.17,2.19,2.15,2.15,19600,2.1323
2014-09-18,2.13,2.23,2.13,2.20,26100,2.18189
2014-09-17,2.18,2.20,2.12,2.16,22700,2.14222
2014-09-16,2.25,2.35,2.20,2.26,15700,2.2414
2014-09-15,2.33,2.38,2.21,2.25,26600,2.23148
2014-09-12,2.24,2.36,2.23,2.30,31500,2.28107
2014-09-11,2.19,2.25,2.14,2.22,23900,2.20173
2014-09-10,2.16,2.20,2.16,2.19,23600,2.17197
2014-09-09,2.24,2.24,2.15,2.18,25000,2.16206
2014-09-08,2.20,2.24,2.12,2.24,6700,2.22156
2014-09-05,2.16,2.26,2.12,2.17,28000,2.15214
2014-09-04,2.26,2.26,2.25,2.25,5900,2.23148
2014-09-03,2.26,2.31,2.25,2.25,9600,2.23148
2014-09-02,2.31,2.31,2.25,2.28,11900,2.26123
2014-08-29,2.36,2.42,2.30,2.30,13100,2.28107
2014-08-28,2.35,2.43,2.33,2.43,5200,2.41
2014-08-27,2.41,2.41,2.34,2.36,6700,2.34057
2014-08-26,2.49,2.55,2.35,2.42,12600,2.40008
2014-08-25,2.51,2.55,2.48,2.48,13900,2.45959
2014-08-22,2.39,2.48,2.38,2.47,19100,2.44967
2014-08-21,2.42,2.47,2.29,2.45,26700,2.42983
2014-08-20,2.28,2.45,2.28,2.38,23900,2.36041
2014-08-19,2.10,2.25,2.10,2.23,17100,2.21164
2014-08-18,2.19,2.19,2.05,2.13,36300,2.11247
2014-08-15,2.39,2.39,2.15,2.25,59200,2.23148
2014-08-14,2.34,2.37,2.33,2.33,7700,2.31082
2014-08-13,2.38,2.40,2.20,2.35,10400,2.33066
2014-08-12,2.22,2.45,2.08,2.39,19400,2.37033
2014-08-11,2.02,2.24,1.95,2.16,135000,2.14222
2014-08-08,2.40,2.40,1.91,2.04,104900,2.02321
2014-08-07,2.41,2.42,2.20,2.20,59400,2.18189
2014-08-06,2.36,2.44,2.20,2.38,41000,2.36041
2014-08-05,2.50,2.50,2.33,2.40,47800,2.38024
2014-08-04,2.50,2.50,2.45,2.50,14000,2.47942
2014-08-01,2.56,2.56,2.45,2.45,8300,2.42983
2014-07-31,2.50,2.56,2.50,2.53,10400,2.50917
2014-07-30,2.50,2.69,2.48,2.53,6000,2.50917
2014-07-29,2.60,2.70,2.56,2.56,7800,2.53893
2014-07-28,2.44,2.61,2.44,2.58,18600,2.55876
2014-07-25,2.47,2.47,2.44,2.44,8600,2.41991
2014-07-24,2.44,2.48,2.43,2.44,14600,2.41991
2014-07-23,2.44,2.44,2.37,2.39,14000,2.37033
2014-07-22,2.37,2.46,2.36,2.41,9800,2.39016
2014-07-21,2.49,2.49,2.38,2.40,18400,2.38024
2014-07-18,2.40,2.51,2.35,2.45,72500,2.42983
2014-07-17,2.47,2.49,2.37,2.40,38600,2.38024
2014-07-16,2.69,2.69,2.45,2.53,40700,2.50917
2014-07-15,2.58,2.61,2.50,2.60,23500,2.5786
2014-07-14,2.69,2.69,2.50,2.60,11400,2.5786
2014-07-11,2.60,2.69,2.60,2.69,13400,2.66786
2014-07-10,2.67,2.67,2.56,2.59,27700,2.56868
2014-07-09,2.78,2.92,2.52,2.55,126700,2.52901
2014-07-08,2.52,2.66,2.45,2.45,44000,2.42983
2014-07-07,2.57,2.62,2.50,2.54,10400,2.51909
2014-07-03,2.66,2.72,2.56,2.56,16800,2.53893
2014-07-02,2.63,2.76,2.63,2.68,49400,2.65794
2014-07-01,2.51,2.60,2.51,2.60,17300,2.5786
2014-06-30,2.50,2.63,2.35,2.56,22600,2.53893
2014-06-27,2.50,2.56,2.42,2.51,70000,2.48934
2014-06-26,2.82,2.82,2.56,2.57,33300,2.54884
2014-06-25,2.78,2.82,2.60,2.82,27400,2.79679
2014-06-24,2.85,2.85,2.56,2.57,31100,2.54884
2014-06-23,2.60,2.83,2.60,2.74,54800,2.71745
2014-06-20,2.64,2.67,2.58,2.61,6200,2.58852
2014-06-19,2.65,2.79,2.52,2.62,56200,2.59843
2014-06-18,2.82,2.82,2.61,2.62,87000,2.59843
2014-06-17,2.80,2.84,2.62,2.84,141400,2.81662
2014-06-16,2.32,2.84,2.27,2.83,444000,2.8067
2014-06-13,3.12,3.19,2.34,2.47,676600,2.44967
2014-06-12,3.10,3.38,3.00,3.31,289700,3.28275
2014-06-11,3.16,3.16,3.00,3.10,28200,3.07448
2014-06-10,3.05,3.18,3.03,3.10,13500,3.07448
2014-06-09,3.09,3.17,3.00,3.08,37200,3.05465
2014-06-06,3.11,3.20,3.01,3.12,58300,3.09432
2014-06-05,3.16,3.24,3.07,3.13,66800,3.10424
2014-06-04,3.22,3.26,3.06,3.22,61800,3.19349
2014-06-03,3.25,3.27,3.11,3.22,11900,3.19349
2014-06-02,3.31,3.37,3.11,3.27,21600,3.24308
2014-05-30,3.22,3.42,3.22,3.27,47000,3.24308
2014-05-29,3.20,3.43,3.19,3.32,142200,3.29267
2014-05-28,3.45,3.55,3.11,3.19,121000,3.16374
2014-05-27,3.20,3.40,3.07,3.29,116000,3.26292
2014-05-23,3.00,3.20,2.95,3.19,142100,3.16374
2014-05-22,3.06,3.06,2.91,2.98,33700,2.95547
2014-05-21,2.99,3.13,2.94,3.06,87800,3.03481
2014-05-20,2.95,2.99,2.89,2.92,45000,2.89596
2014-05-19,3.12,3.12,2.95,3.03,66100,3.00506
2014-05-16,3.03,3.14,3.01,3.12,15900,3.09432
2014-05-15,3.19,3.19,3.00,3.10,33800,3.07448
2014-05-14,3.40,3.40,3.08,3.10,67700,3.07448
2014-05-13,3.07,3.39,3.03,3.33,100200,3.30259
2014-05-12,3.10,3.30,2.99,3.11,115600,3.0844
2014-05-09,3.34,3.34,3.10,3.10,132300,3.07448
2014-05-08,4.00,4.05,3.02,3.38,611300,3.35218
2014-05-07,3.23,3.44,3.20,3.34,166000,3.31251
2014-05-06,3.05,3.35,3.05,3.35,93000,3.32242
2014-05-05,2.88,3.09,2.76,3.02,73500,2.99514
2014-05-02,3.00,3.00,2.83,2.90,99400,2.87613
2014-05-01,3.08,3.08,2.89,3.03,71400,3.00506
2014-04-30,3.07,3.14,2.86,3.07,35700,3.04473
2014-04-29,2.96,3.20,2.95,3.04,68100,3.01498
2014-04-28,3.24,3.24,2.79,2.96,176400,2.93563
2014-04-25,3.25,3.29,3.11,3.24,46700,3.21333
2014-04-24,3.44,3.44,3.20,3.28,98900,3.253
2014-04-23,3.40,3.60,3.31,3.35,96700,3.32242
2014-04-22,3.33,3.55,3.33,3.54,213500,3.51086
2014-04-21,3.40,3.43,3.31,3.31,82300,3.28275
2014-04-17,3.31,3.49,3.31,3.36,125500,3.33234
2014-04-16,3.49,3.49,3.30,3.34,67500,3.31251
2014-04-15,3.44,3.49,3.40,3.45,66700,3.4216
2014-04-14,3.50,3.50,3.42,3.43,73300,3.40177
2014-04-11,3.50,3.58,3.41,3.50,111000,3.47119
2014-04-10,3.41,3.69,3.41,3.55,89400,3.52078
2014-04-09,3.50,3.51,3.45,3.47,72800,3.44144
2014-04-08,3.40,3.56,3.40,3.49,36300,3.46127
2014-04-07,3.63,3.65,3.31,3.45,96700,3.4216
2014-04-04,3.72,3.73,3.51,3.55,221600,3.52078
2014-04-03,3.86,3.98,3.71,3.73,153400,3.6993
2014-04-02,4.12,4.15,3.78,3.84,316400,3.80839
2014-04-01,3.49,3.97,3.32,3.97,254800,3.93732
2014-03-31,3.31,3.66,3.31,3.48,111600,3.45135
2014-03-28,3.54,3.56,3.29,3.31,92700,3.28275
2014-03-27,3.53,3.63,3.51,3.59,147100,3.56045
2014-03-26,3.60,3.69,3.48,3.53,65500,3.50094
2014-03-25,3.70,3.70,3.51,3.60,88600,3.57037
2014-03-24,3.60,3.86,3.45,3.70,220800,3.66954
2014-03-21,3.69,3.69,3.46,3.57,86600,3.54061
2014-03-20,3.64,3.70,3.55,3.65,70600,3.61995
2014-03-19,3.82,3.85,3.51,3.74,72100,3.70921
2014-03-18,4.07,4.10,3.73,3.88,121300,3.84806
2014-03-17,4.06,4.25,3.96,4.00,105800,3.96707
2014-03-14,4.08,4.32,3.80,4.03,239800,3.99683
2014-03-13,4.13,4.59,3.92,4.08,519800,4.04641
2014-03-12,3.65,4.50,3.25,4.15,796900,4.11584
2014-03-11,3.17,4.09,3.12,3.53,508600,3.50094
2014-03-10,3.11,3.12,2.97,3.00,27400,2.97531
2014-03-07,3.01,3.13,3.00,3.11,16500,3.0844
2014-03-06,3.09,3.10,3.06,3.09,12600,3.06456
2014-03-05,3.14,3.14,3.00,3.14,28800,3.11415
2014-03-04,3.09,3.15,3.00,3.04,16800,3.01498
2014-03-03,3.20,3.20,3.02,3.10,39200,3.07448
2014-02-28,3.16,3.19,3.14,3.18,11200,3.15382
2014-02-27,3.10,3.16,3.08,3.15,17100,3.12407
2014-02-26,3.06,3.12,3.06,3.09,17800,3.06456
2014-02-25,3.09,3.12,3.02,3.09,27400,3.06456
2014-02-24,3.01,3.15,3.01,3.13,28100,3.10424
2014-02-21,3.00,3.19,2.93,3.07,51600,3.04473
2014-02-20,2.84,3.20,2.84,3.00,106200,2.97531
2014-02-19,2.86,2.88,2.80,2.80,44300,2.77695
2014-02-18,2.90,2.90,2.84,2.85,19300,2.82654
2014-02-14,2.95,2.95,2.81,2.86,28200,2.83646
2014-02-13,2.94,2.96,2.85,2.89,36900,2.86621
2014-02-12,2.90,2.97,2.89,2.90,14100,2.87613
2014-02-11,2.89,2.97,2.78,2.97,55400,2.94555
2014-02-10,2.92,3.00,2.75,2.90,47600,2.87613
2014-02-07,2.93,2.95,2.81,2.95,69900,2.92572
2014-02-06,2.92,2.93,2.81,2.88,25100,2.85629
2014-02-05,2.96,2.96,2.84,2.95,30100,2.92572
2014-02-04,3.00,3.02,2.97,2.97,23000,2.94555
2014-02-03,3.04,3.04,2.97,2.99,15900,2.96539
2014-01-31,3.11,3.11,2.99,3.00,14100,2.97531
2014-01-30,3.10,3.20,3.02,3.15,26100,3.12407
2014-01-29,3.13,3.21,3.10,3.21,49000,3.18358
2014-01-28,3.05,3.22,3.05,3.22,35600,3.19349
2014-01-27,3.17,3.27,2.96,3.18,83700,3.15382
2014-01-24,3.15,3.17,2.88,3.17,56400,3.14391
2014-01-23,3.15,3.19,2.98,3.18,66700,3.15382
2014-01-22,3.27,3.27,3.10,3.19,39500,3.16374
2014-01-21,3.15,3.40,3.15,3.40,20700,3.37201
2014-01-17,3.25,3.26,3.18,3.18,19700,3.15382
2014-01-16,3.38,3.38,3.25,3.31,37200,3.28275
2014-01-15,3.25,3.41,3.20,3.41,63300,3.38193
2014-01-14,3.20,3.20,3.15,3.20,27000,3.17366
2014-01-13,3.25,3.25,3.09,3.20,31600,3.17366
2014-01-10,3.50,3.50,3.21,3.28,43700,3.253
2014-01-09,3.50,3.50,3.44,3.44,31400,3.41168
2014-01-08,3.29,3.50,3.16,3.45,19200,3.4216
2014-01-07,3.36,3.38,3.26,3.38,36200,3.35218
2014-01-06,3.25,3.40,3.25,3.35,38700,3.32242
2014-01-03,3.00,3.50,2.87,3.49,185700,3.46127
2014-01-02,3.22,3.22,2.84,3.00,68200,2.97531
2013-12-31,3.16,3.27,3.09,3.17,17800,3.14391
2013-12-30,3.41,3.49,3.12,3.18,65700,3.15382
2013-12-27,3.40,3.40,3.34,3.38,33000,3.35218
2013-12-26,3.36,3.50,3.36,3.40,48400,3.37201
2013-12-24,3.35,3.35,3.25,3.34,8800,3.31251
2013-12-23,3.65,3.65,3.22,3.28,69700,3.253
2013-12-20,3.60,3.60,3.51,3.55,37100,3.52078
2013-12-19,3.60,3.70,3.52,3.61,63200,3.58028
2013-12-18,3.63,3.74,3.63,3.70,42000,3.66954
2013-12-17,3.64,3.74,3.62,3.64,32700,3.61004
2013-12-16,3.79,3.80,3.68,3.69,28300,3.65963
2013-12-13,3.65,3.80,3.65,3.80,20300,3.76872
2013-12-12,3.65,3.83,3.60,3.64,71000,3.61004
2013-12-11,3.74,3.82,3.74,3.77,68400,3.73897
2013-12-10,3.85,3.85,3.65,3.85,67500,3.81831
2013-12-09,3.79,4.00,3.76,3.77,84900,3.73897
2013-12-06,3.86,3.88,3.74,3.74,56100,3.70921
2013-12-05,4.10,4.10,3.65,3.82,136700,3.78856
2013-12-04,3.76,4.00,3.63,3.97,227200,3.93732
2013-12-03,3.70,3.71,3.56,3.67,73000,3.63979
2013-12-02,3.34,3.75,3.30,3.68,198000,3.64971
2013-11-29,3.09,3.25,3.07,3.25,66300,3.22325
2013-11-27,2.88,3.09,2.86,3.09,77400,3.06456
2013-11-26,2.88,3.00,2.86,2.94,60600,2.9158
2013-11-25,3.00,3.00,2.88,3.00,59300,2.97531
2013-11-22,3.00,3.09,2.96,3.06,74100,3.03481
2013-11-21,3.02,3.10,2.97,3.09,100200,3.06456
2013-11-20,2.99,3.08,2.77,3.05,89200,3.02489
2013-11-19,2.81,3.00,2.57,3.00,104600,2.97531
2013-11-18,2.70,2.85,2.70,2.83,80100,2.8067
2013-11-15,2.90,2.90,2.32,2.64,367600,2.61827
2013-11-14,3.01,3.08,2.90,2.90,88800,2.87613
2013-11-13,3.00,3.14,2.99,3.09,90000,3.06456
2013-11-12,3.00,3.09,2.87,3.00,55700,2.97531
2013-11-11,3.00,3.15,2.95,2.99,65400,2.96539
2013-11-08,2.87,3.10,2.86,3.09,75500,3.06456
2013-11-07,3.05,3.10,2.82,2.92,78200,2.89596
2013-11-06,3.11,3.15,2.92,3.04,154600,3.01498
2013-11-05,2.76,3.10,2.76,3.09,170000,3.06456
2013-11-04,2.76,2.85,2.76,2.80,45900,2.77695
2013-11-01,2.80,2.95,2.78,2.85,80600,2.82654
2013-10-31,2.85,2.85,2.75,2.75,43700,2.72736
2013-10-30,2.88,2.95,2.62,2.80,91000,2.77695
2013-10-29,2.81,2.87,2.60,2.85,86900,2.82654
2013-10-28,2.38,2.94,2.30,2.58,205500,2.55876
2013-10-25,2.35,2.38,2.30,2.35,45200,2.33066
2013-10-24,2.47,2.47,2.27,2.28,67600,2.26123
2013-10-23,2.52,2.62,2.45,2.49,50000,2.4695
2013-10-22,2.49,2.60,2.45,2.52,50100,2.49926
2013-10-21,2.80,2.80,2.50,2.50,47100,2.47942
2013-10-18,2.63,2.65,2.50,2.64,41000,2.61827
2013-10-17,2.54,2.65,2.50,2.63,28700,2.60835
2013-10-16,2.67,2.67,2.43,2.57,158900,2.54884
2013-10-15,2.43,2.87,2.40,2.68,384900,2.65794
2013-10-14,2.15,2.46,2.14,2.39,182900,2.37033
2013-10-11,1.99,2.10,1.93,2.10,116100,2.08271
2013-10-10,2.03,2.03,1.92,1.92,15000,1.9042
2013-10-09,1.97,2.08,1.91,2.02,37300,2.00337
2013-10-08,2.08,2.10,2.00,2.00,43100,1.98354
2013-10-07,1.84,2.10,1.84,2.00,44000,1.98354
2013-10-04,2.01,2.10,1.80,1.81,72800,1.7951
2013-10-03,2.00,2.10,1.75,1.96,65200,1.94387
2013-10-02,1.98,2.14,1.97,2.03,86300,2.01329
2013-10-01,2.15,2.15,1.90,1.90,104000,1.88436
2013-09-30,2.34,2.40,1.89,2.03,168500,2.01329
2013-09-27,1.52,2.40,1.49,2.38,450300,2.36041
2013-09-26,1.50,1.52,1.49,1.49,32800,1.47773
2013-09-25,1.46,1.55,1.46,1.49,12800,1.47773
2013-09-24,1.60,1.60,1.46,1.46,15500,1.44798
2013-09-23,1.55,1.62,1.50,1.52,43900,1.50749
2013-09-20,1.51,1.56,1.47,1.50,12400,1.48765
2013-09-19,1.53,1.55,1.49,1.49,31800,1.47773
2013-09-18,1.62,1.63,1.51,1.55,30000,1.53724
2013-09-17,1.59,1.61,1.50,1.59,24100,1.57691
2013-09-16,1.55,1.68,1.51,1.52,37000,1.50749
2013-09-13,1.50,1.70,1.50,1.50,66800,1.48765
2013-09-12,1.49,1.49,1.43,1.44,12200,1.42815
2013-09-11,1.46,1.49,1.45,1.46,18300,1.44798
2013-09-10,1.47,1.60,1.47,1.49,39900,1.47773
2013-09-09,1.51,1.61,1.49,1.60,20900,1.58683
2013-09-06,1.56,1.66,1.51,1.52,24200,1.50749
2013-09-05,1.48,1.56,1.46,1.56,16300,1.54716
2013-09-04,1.51,1.56,1.51,1.53,8600,1.51741
2013-09-03,1.53,1.56,1.50,1.55,21700,1.53724
2013-08-30,1.77,1.77,1.48,1.48,31600,1.46782
2013-08-29,1.49,1.77,1.47,1.69,31500,1.67609
2013-08-28,1.49,1.50,1.47,1.47,9600,1.4579
2013-08-27,1.45,1.47,1.40,1.47,22400,1.4579
2013-08-26,1.45,1.50,1.45,1.49,17900,1.47773
2013-08-23,1.50,1.50,1.40,1.49,24700,1.47773
2013-08-22,1.49,1.74,1.46,1.50,9500,1.48765
2013-08-21,1.50,1.51,1.45,1.48,16000,1.46782
2013-08-20,1.53,1.53,1.41,1.49,36800,1.47773
2013-08-19,1.66,1.66,1.57,1.57,20100,1.55708
2013-08-16,1.80,1.82,1.69,1.69,17400,1.67609
2013-08-15,1.69,1.75,1.67,1.75,30300,1.73559
2013-08-14,1.71,1.71,1.65,1.70,16900,1.68601
2013-08-13,1.74,1.75,1.67,1.71,23800,1.69592
2013-08-12,1.78,1.80,1.67,1.67,23400,1.65625
2013-08-09,1.62,1.78,1.62,1.78,62200,1.76535
2013-08-08,1.74,1.76,1.36,1.62,77800,1.60666
2013-08-07,1.35,1.50,1.31,1.50,43900,1.48765
2013-08-06,1.70,1.74,1.36,1.48,18600,1.46782
2013-08-05,1.66,1.79,1.60,1.75,43800,1.73559
2013-08-02,1.70,1.85,1.69,1.83,29600,1.81494
2013-08-01,1.87,1.87,1.65,1.77,28000,1.75543
2013-07-31,1.50,1.73,1.32,1.73,49300,1.71576
2013-07-30,1.75,1.75,1.53,1.53,10500,1.51741
2013-07-29,1.90,1.90,1.64,1.69,17100,1.67609
2013-07-26,2.00,2.02,1.87,1.90,23300,1.88436
2013-07-25,2.18,2.20,2.00,2.05,32200,2.03313
2013-07-24,2.29,2.35,2.19,2.19,22100,2.17197
2013-07-23,2.50,2.50,2.31,2.44,26700,2.41991
2013-07-22,2.61,2.71,2.52,2.52,16800,2.49926
2013-07-19,2.81,2.81,2.57,2.57,8700,2.54884
2013-07-18,2.59,2.94,2.55,2.90,15800,2.87613
2013-07-17,3.00,3.00,2.75,2.98,21500,2.95547
2013-07-16,3.00,3.05,2.94,3.05,15100,3.02489
2013-07-15,3.00,3.07,2.92,3.07,26200,3.04473
2013-07-12,3.08,3.24,2.99,3.00,28100,2.97531
2013-07-11,3.05,3.25,2.96,3.08,36200,3.05465
2013-07-10,3.40,3.49,2.92,3.00,79000,2.97531
2013-07-09,3.24,3.63,3.24,3.49,17100,3.46127
2013-07-08,3.32,3.50,3.20,3.20,167400,3.17366
2013-07-05,3.70,3.70,3.55,3.67,7200,3.63979
2013-07-03,3.35,3.64,3.35,3.64,21800,3.61004
2013-07-02,3.88,3.88,3.50,3.84,36300,3.80839
2013-07-01,4.20,4.20,3.30,3.89,32000,3.85798
2013-06-28,3.45,4.20,3.31,4.20,16700,4.16543
2013-06-27,3.29,3.49,3.27,3.49,102100,3.46127
2013-06-26,3.41,3.50,3.29,3.50,65000,3.47119
2013-06-25,3.42,3.58,3.41,3.50,12100,3.47119
2013-06-24,3.59,3.60,3.42,3.58,16600,3.55053
2013-06-21,4.48,4.48,3.45,3.52,66000,3.49102
2013-06-20,5.00,5.10,3.34,3.85,87600,3.81831
2013-06-19,7.61,7.61,7.61,7.61,000,7.54736
2013-06-18,6.84,8.48,6.84,7.61,1600,7.54736
2013-06-17,8.89,8.89,8.49,8.49,200,8.42011
2013-06-14,9.40,9.40,7.00,7.80,800,7.73579
2013-06-13,7.48,7.48,6.45,7.00,400,6.94238
2013-06-12,5.89,5.89,5.89,5.89,000,5.84152
2013-06-11,5.89,5.89,5.89,5.89,100,5.84152
2013-06-10,5.90,5.90,5.80,5.89,500,5.84152
2013-06-07,4.50,6.00,4.50,6.00,2000,5.95061
2013-06-06,10.10,10.10,10.10,10.10,000,10.01686
2013-06-05,10.10,10.10,10.10,10.10,000,10.01686
2013-06-04,10.10,10.10,10.10,10.10,000,10.01686
2013-06-03,10.10,10.10,10.10,10.10,000,10.01686
2013-05-31,10.10,10.10,10.10,10.10,000,10.01686
2013-05-30,10.10,10.10,10.10,10.10,000,10.01686
2013-05-29,10.10,10.10,10.10,10.10,000,10.01686
2013-05-28,10.10,10.10,10.10,10.10,000,10.01686
2013-05-24,10.10,10.10,10.10,10.10,000,10.01686
2013-05-23,10.10,10.10,10.10,10.10,000,10.01686
2013-05-22,10.10,10.10,10.10,10.10,000,10.01686
2013-05-21,10.10,10.10,10.10,10.10,000,10.01686
2013-05-20,10.10,10.10,10.10,10.10,000,10.01686
2013-05-17,10.10,10.10,10.10,10.10,000,10.01686
2013-05-16,10.10,10.10,10.10,10.10,000,10.01686
2013-05-15,10.10,10.10,10.10,10.10,000,10.01686
2013-05-14,10.10,10.10,10.10,10.10,000,10.01686
2013-05-13,10.10,10.10,10.10,10.10,000,10.01686
2013-05-10,10.10,10.10,10.10,10.10,000,10.01686
2013-05-09,10.10,10.10,10.10,10.10,000,10.01686
2013-05-08,10.10,10.10,10.10,10.10,000,10.01686
2013-05-07,10.10,10.10,10.10,10.10,000,10.01686
2013-05-06,10.10,10.10,10.10,10.10,000,10.01686
2013-05-03,10.10,10.10,10.10,10.10,000,10.01686
2013-05-02,10.10,10.10,10.10,10.10,000,10.01686
2013-05-01,10.10,10.10,10.10,10.10,000,10.01686
2013-04-30,10.10,10.10,10.10,10.10,000,10.01686
2013-04-29,10.10,10.10,10.10,10.10,000,10.01686
2013-04-26,10.10,10.10,10.10,10.10,000,10.01686
2013-04-25,10.10,10.10,10.10,10.10,000,10.01686
2013-04-24,10.10,10.10,10.10,10.10,000,10.01686
2013-04-23,10.10,10.10,10.10,10.10,000,10.01686
2013-04-22,10.10,10.10,10.10,10.10,000,10.01686
2013-04-19,10.10,10.10,10.10,10.10,000,10.01686
2013-04-18,10.10,10.10,10.10,10.10,000,10.01686
2013-04-17,10.10,10.10,10.10,10.10,000,10.01686
2013-04-16,10.10,10.10,10.10,10.10,000,10.01686
2013-04-15,10.10,10.10,10.10,10.10,000,10.01686
2013-04-12,10.10,10.10,10.10,10.10,000,10.01686
2013-04-11,10.10,10.10,10.10,10.10,000,10.01686
2013-04-10,10.10,10.10,10.10,10.10,500,10.01686
2013-04-09,10.12,10.12,10.12,10.12,000,10.0367
2013-04-08,10.12,10.12,10.12,10.12,000,10.0367
2013-04-05,10.12,10.12,10.12,10.12,000,10.0367
2013-04-04,10.12,10.12,10.12,10.12,000,10.0367
2013-04-03,10.12,10.12,10.12,10.12,000,10.0367
2013-04-02,10.12,10.12,10.12,10.12,000,10.0367
2013-04-01,10.12,10.12,10.12,10.12,000,10.0367
2013-03-28,10.12,10.12,10.12,10.12,000,10.0367
2013-03-27,10.12,10.12,10.12,10.12,000,10.0367
2013-03-26,10.12,10.12,10.12,10.12,000,10.0367
2013-03-25,10.12,10.12,10.12,10.12,000,10.0367
2013-03-22,10.12,10.12,10.12,10.12,000,10.0367
2013-03-21,10.12,10.12,10.12,10.12,000,10.0367
2013-03-20,10.12,10.12,10.12,10.12,000,10.0367
2013-03-19,10.12,10.12,10.12,10.12,000,10.0367
2013-03-18,10.13,10.13,10.12,10.12,400,10.0367
2013-03-15,10.08,10.08,10.08,10.08,000,9.99703
2013-03-14,10.08,10.08,10.08,10.08,000,9.99703
2013-03-13,10.08,10.08,10.08,10.08,000,9.99703
2013-03-12,10.08,10.08,10.08,10.08,000,9.99703
2013-03-11,10.08,10.08,10.08,10.08,000,9.99703
2013-03-08,10.08,10.08,10.08,10.08,000,9.99703
2013-03-07,10.12,10.12,10.08,10.08,400,9.99703
2013-03-06,10.08,10.08,10.08,10.08,1900,9.99703
2013-03-05,10.08,10.08,10.08,10.08,000,9.99703
2013-03-04,10.08,10.08,10.08,10.08,100,9.99703
2013-03-01,10.08,10.08,10.08,10.08,000,9.99703
2013-02-28,10.08,10.08,10.08,10.08,000,9.99703
2013-02-27,10.08,10.08,10.08,10.08,000,9.99703
2013-02-26,10.08,10.08,10.08,10.08,1800,9.99703
2013-02-25,10.01,10.01,10.01,10.01,000,9.9276
2013-02-22,10.26,10.26,10.01,10.01,700,9.9276
2013-02-21,10.00,10.00,10.00,10.00,000,9.91768
2013-02-20,10.00,10.00,10.00,10.00,300,9.91768
2013-02-19,10.05,10.05,10.00,10.00,2200,9.91768
2013-02-15,10.08,10.10,10.05,10.05,3200,9.96727
2013-02-14,9.45,10.29,9.00,10.04,18800,9.95735
2013-02-13,9.00,9.00,9.00,9.00,200,8.92592
2013-02-12,9.49,9.49,9.45,9.45,35000,9.37221
2013-02-11,10.05,10.05,10.05,10.05,000,9.96727
2013-02-08,10.05,10.05,10.05,10.05,000,9.96727
2013-02-07,10.05,10.05,10.05,10.05,000,9.96727
2013-02-06,10.05,10.05,10.05,10.05,000,9.96727
2013-02-05,10.05,10.05,10.05,10.05,000,9.96727
2013-02-04,10.05,10.05,10.05,10.05,000,9.96727
2013-02-01,10.05,10.05,10.05,10.05,700,9.96727
2013-01-31,10.05,10.05,10.05,10.05,000,9.96727
2013-01-30,10.03,10.05,10.03,10.05,386500,9.96727
2013-01-29,10.03,10.03,10.03,10.03,000,9.94744
2013-01-28,10.03,10.03,10.03,10.03,740000,9.94744
2013-01-25,10.06,10.06,10.01,10.01,300,9.9276
2013-01-24,10.06,10.06,10.01,10.01,600,9.9276
2013-01-23,10.10,10.12,10.01,10.01,1700,9.9276
2013-01-22,10.01,10.01,10.01,10.01,300,9.9276
2013-01-18,10.05,10.05,10.05,10.05,300,9.96727
2013-01-17,10.00,10.00,10.00,10.00,000,9.91768
2013-01-16,10.00,10.00,10.00,10.00,000,9.91768
2013-01-15,10.00,10.00,10.00,10.00,2000,9.91768
2013-01-14,10.03,10.03,10.03,10.03,000,9.94744
2013-01-11,10.03,10.03,10.03,10.03,100,9.94744
2013-01-10,10.03,10.03,10.03,10.03,400,9.94744
2013-01-09,10.03,10.03,10.00,10.03,2400,9.94744
2013-01-08,10.03,10.03,10.03,10.03,100,9.94744
2013-01-07,10.03,10.03,10.03,10.03,500,9.94744
2013-01-04,10.10,10.10,10.03,10.03,5100,9.94744
2013-01-03,12.49,12.50,9.96,9.99,2200,9.90777
2013-01-02,10.03,10.03,10.03,10.03,300,9.94744
2012-12-31,10.10,10.10,9.97,10.03,11000,9.94744
2012-12-28,10.00,10.03,10.00,10.03,500,9.94744
2012-12-27,10.03,10.03,10.00,10.03,3700,9.94744
2012-12-26,10.03,10.03,10.03,10.03,500,9.94744
2012-12-24,10.03,10.03,9.94,9.94,6400,9.85818
2012-12-21,9.98,9.98,9.98,9.98,200,9.89785
2012-12-20,9.98,9.98,9.98,9.98,400,9.89785
2012-12-19,10.02,10.02,9.95,9.95,10100,9.8681
2012-12-18,10.00,10.01,9.94,9.95,5600,9.8681
2012-12-17,10.00,10.00,9.95,9.95,200,9.8681
2012-12-14,9.93,9.93,9.92,9.93,13200,9.84826
2012-12-13,9.95,10.03,9.92,9.92,76200,9.83834
2012-12-12,9.94,9.95,9.93,9.94,20200,9.85818
2012-12-11,10.00,10.00,9.93,9.94,33500,9.85818
2012-12-10,10.00,10.00,10.00,10.00,100,9.91768
2012-12-07,9.95,9.98,9.95,9.98,500,9.89785
2012-12-06,9.92,9.92,9.92,9.92,000,9.83834
2012-12-05,9.92,9.92,9.92,9.92,000,9.83834
2012-12-04,9.92,9.92,9.92,9.92,000,9.83834
2012-12-03,9.92,9.92,9.92,9.92,000,9.83834
2012-11-30,9.92,9.92,9.92,9.92,000,9.83834
2012-11-29,9.92,9.92,9.92,9.92,000,9.83834
2012-11-28,9.92,9.92,9.92,9.92,500,9.83834
2012-11-27,9.91,9.91,9.91,9.91,000,9.82842
2012-11-26,9.91,9.91,9.91,9.91,000,9.82842
2012-11-23,9.91,9.91,9.91,9.91,000,9.82842
2012-11-21,9.91,9.91,9.91,9.91,000,9.82842
2012-11-20,9.91,9.91,9.91,9.91,000,9.82842
2012-11-19,9.91,9.91,9.91,9.91,000,9.82842
2012-11-16,9.91,9.91,9.91,9.91,700,9.82842
2012-11-15,9.91,9.91,9.91,9.91,000,9.82842
2012-11-14,9.91,9.91,9.91,9.91,000,9.82842
2012-11-13,9.91,9.91,9.91,9.91,000,9.82842
2012-11-12,9.91,9.91,9.91,9.91,000,9.82842
2012-11-09,9.91,9.91,9.91,9.91,000,9.82842
2012-11-08,9.91,9.91,9.91,9.91,000,9.82842
2012-11-07,9.91,9.91,9.91,9.91,000,9.82842
2012-11-06,9.91,9.91,9.91,9.91,000,9.82842
2012-11-05,9.91,9.91,9.91,9.91,000,9.82842
2012-11-02,9.91,9.91,9.91,9.91,000,9.82842
2012-11-01,9.91,9.91,9.91,9.91,000,9.82842
2012-10-31,9.91,9.91,9.91,9.91,000,9.82842
2012-10-26,9.91,9.91,9.91,9.91,000,9.82842
2012-10-25,9.91,9.91,9.91,9.91,100,9.82842
2012-10-24,9.92,9.92,9.92,9.92,100,9.83834
2012-10-23,9.92,9.92,9.91,9.91,1600,9.82842
2012-10-22,9.91,9.91,9.91,9.91,000,9.82842
2012-10-19,9.91,9.91,9.91,9.91,000,9.82842
2012-10-18,9.91,9.91,9.91,9.91,000,9.82842
2012-10-17,9.91,9.91,9.91,9.91,000,9.82842
2012-10-16,9.91,9.91,9.91,9.91,000,9.82842
2012-10-15,9.91,9.91,9.91,9.91,000,9.82842
2012-10-12,9.91,9.91,9.91,9.91,000,9.82842
2012-10-11,9.91,9.91,9.91,9.91,100,9.82842
2012-10-10,9.82,9.82,9.82,9.82,100,9.73917
2012-10-09,10.36,10.36,10.36,10.36,000,10.27472
2012-10-08,10.36,10.36,10.36,10.36,000,10.27472
2012-10-05,10.36,10.36,10.36,10.36,000,10.27472
2012-10-04,10.36,10.36,10.36,10.36,000,10.27472
2012-10-03,10.36,10.36,10.36,10.36,000,10.27472
2012-10-02,10.36,10.36,10.36,10.36,000,10.27472
2012-10-01,10.36,10.36,10.36,10.36,000,10.27472
2012-09-28,10.36,10.36,10.36,10.36,000,10.27472
2012-09-27,10.36,10.36,10.36,10.36,000,10.27472
2012-09-26,10.36,10.36,10.36,10.36,000,10.27472
2012-09-25,10.36,10.36,10.36,10.36,000,10.27472
2012-09-24,10.36,10.36,10.36,10.36,000,10.27472
2012-09-21,10.36,10.36,10.36,10.36,000,10.27472
2012-09-20,10.36,10.36,10.36,10.36,000,10.27472
2012-09-19,10.36,10.36,10.36,10.36,000,10.27472
2012-09-18,10.36,10.36,10.36,10.36,000,10.27472
2012-09-17,10.36,10.36,10.36,10.36,000,10.27472
2012-09-14,10.36,10.36,10.36,10.36,000,10.27472
2012-09-13,10.36,10.36,10.36,10.36,000,10.27472
2012-09-12,10.36,10.36,10.36,10.36,000,10.27472
2012-09-11,10.36,10.36,10.36,10.36,000,10.27472
2012-09-10,9.88,10.48,9.75,10.36,6800,10.27472
2012-09-07,9.72,9.72,9.72,9.72,000,9.63999
2012-09-06,9.72,9.72,9.72,9.72,100,9.63999
2012-09-05,9.92,9.92,9.88,9.88,5100,9.79867
2012-09-04,9.89,9.89,9.89,9.89,000,9.80859
2012-08-31,9.89,9.89,9.89,9.89,000,9.80859
2012-08-30,9.89,9.89,9.89,9.89,000,9.80859
2012-08-29,9.92,9.92,9.89,9.89,500,9.80859
2012-08-28,9.89,9.89,9.89,9.89,000,9.80859
2012-08-27,9.89,9.89,9.89,9.89,000,9.80859
2012-08-24,9.89,9.89,9.89,9.89,000,9.80859
2012-08-23,9.89,9.89,9.89,9.89,000,9.80859
2012-08-22,9.89,9.89,9.89,9.89,000,9.80859
2012-08-21,9.89,9.89,9.89,9.89,000,9.80859
2012-08-20,9.89,9.89,9.89,9.89,000,9.80859
2012-08-17,9.89,9.89,9.89,9.89,000,9.80859
2012-08-16,9.89,9.89,9.89,9.89,000,9.80859
2012-08-15,9.89,9.89,9.89,9.89,100,9.80859
2012-08-14,9.90,9.90,9.90,9.90,000,9.81851
2012-08-13,9.90,9.90,9.90,9.90,000,9.81851
2012-08-10,9.90,9.90,9.90,9.90,000,9.81851
2012-08-09,9.90,9.90,9.90,9.90,000,9.81851
2012-08-08,9.90,9.90,9.90,9.90,000,9.81851
2012-08-07,9.90,9.90,9.90,9.90,000,9.81851
2012-08-06,9.90,9.90,9.90,9.90,000,9.81851
2012-08-03,9.90,9.90,9.90,9.90,000,9.81851
2012-08-02,9.90,9.90,9.90,9.90,000,9.81851
2012-08-01,9.90,9.90,9.90,9.90,000,9.81851
2012-07-31,9.90,9.90,9.90,9.90,000,9.81851
2012-07-30,9.90,9.90,9.90,9.90,000,9.81851
2012-07-27,9.90,9.90,9.90,9.90,000,9.81851
2012-07-26,9.76,9.90,9.76,9.90,131800,9.81851
2012-07-25,9.75,9.86,9.75,9.86,150100,9.77884
2012-07-24,9.85,9.85,9.85,9.85,000,9.76892
2012-07-23,9.85,9.85,9.85,9.85,000,9.76892
2012-07-20,9.85,9.85,9.85,9.85,100,9.76892
2012-07-19,9.79,9.79,9.79,9.79,100,9.70941
2012-07-18,9.70,9.70,9.70,9.70,000,9.62015
2012-07-17,9.80,9.80,9.70,9.70,1300,9.62015
2012-07-16,9.36,9.75,9.36,9.39,300,9.31271
2012-07-13,9.75,9.75,9.75,9.75,000,9.66974
2012-07-12,9.75,9.75,9.75,9.75,000,9.66974
2012-07-11,9.70,9.75,9.70,9.75,1600,9.66974
2012-07-10,9.70,9.70,9.70,9.70,000,9.62015
2012-07-09,9.70,9.70,9.70,9.70,000,9.62015
2012-07-06,9.70,9.70,9.70,9.70,10000,9.62015
2012-07-05,9.80,9.80,9.80,9.80,000,9.71933
2012-07-03,9.80,9.80,9.80,9.80,000,9.71933
2012-07-02,9.80,9.80,9.80,9.80,000,9.71933
2012-06-29,9.80,9.80,9.80,9.80,000,9.71933
2012-06-28,9.80,9.80,9.80,9.80,000,9.71933
2012-06-27,9.70,9.80,9.70,9.80,1500,9.71933
2012-06-26,9.80,9.80,9.80,9.80,000,9.71933
2012-06-25,9.80,9.80,9.80,9.80,000,9.71933
2012-06-22,9.80,9.80,9.80,9.80,000,9.71933
2012-06-21,9.84,9.84,9.80,9.80,2000,9.71933
2012-06-20,9.72,9.72,9.72,9.72,000,9.63999
2012-06-19,9.70,9.72,9.70,9.72,800,9.63999
2012-06-18,9.72,9.72,9.72,9.72,000,9.63999
2012-06-15,9.72,9.72,9.72,9.72,000,9.63999
2012-06-14,9.67,9.72,9.59,9.72,10400,9.63999
2012-06-13,9.74,9.74,9.74,9.74,000,9.65982
2012-06-12,9.74,9.74,9.74,9.74,000,9.65982
2012-06-11,9.74,9.74,9.74,9.74,000,9.65982
2012-06-08,9.74,9.74,9.74,9.74,000,9.65982
2012-06-07,9.74,9.74,9.74,9.74,000,9.65982
2012-06-06,9.60,9.74,9.60,9.74,1000,9.65982
2012-06-05,9.65,9.70,9.65,9.70,700,9.62015
2012-06-04,9.67,9.67,9.67,9.67,000,9.5904
2012-06-01,9.67,9.67,9.67,9.67,000,9.5904
2012-05-31,9.63,9.67,9.63,9.67,2200,9.5904
2012-05-30,9.65,9.65,9.65,9.65,000,9.57057
2012-05-29,9.60,9.65,9.60,9.65,1100,9.57057
2012-05-25,9.60,9.65,9.60,9.65,3000,9.57057
2012-05-24,9.72,9.72,9.72,9.72,000,9.63999
2012-05-23,9.68,9.72,9.68,9.72,1100,9.63999
2012-05-22,9.68,9.68,9.68,9.68,000,9.60032
2012-05-21,9.62,9.68,9.62,9.68,1100,9.60032
2012-05-18,9.74,9.74,9.74,9.74,000,9.65982
2012-05-17,9.74,9.74,9.74,9.74,000,9.65982
2012-05-16,9.62,9.74,9.62,9.74,3800,9.65982
2012-05-15,9.70,9.70,9.70,9.70,000,9.62015
2012-05-14,9.70,9.70,9.70,9.70,000,9.62015
2012-05-11,9.70,9.70,9.70,9.70,000,9.62015
2012-05-10,9.70,9.70,9.70,9.70,000,9.62015
2012-05-09,9.70,9.70,9.68,9.70,1200,9.62015
2012-05-08,9.65,9.68,9.65,9.68,1700,9.60032
2012-05-07,9.70,9.70,9.70,9.70,000,9.62015
2012-05-04,9.66,9.70,9.60,9.70,2500,9.62015
2012-05-03,9.66,9.66,9.66,9.66,000,9.58048
2012-05-02,9.66,9.66,9.66,9.66,000,9.58048
2012-05-01,9.66,9.66,9.66,9.66,000,9.58048
2012-04-30,9.66,9.66,9.66,9.66,000,9.58048
2012-04-27,9.66,9.66,9.66,9.66,000,9.58048
2012-04-26,9.55,9.66,9.55,9.66,2600,9.58048
2012-04-25,9.63,9.63,9.62,9.62,600,9.54081
2012-04-24,9.65,9.65,9.65,9.65,000,9.57057
2012-04-23,9.65,9.65,9.65,9.65,100,9.57057
2012-04-20,9.80,9.80,9.61,9.61,1100,9.53089
2012-04-19,9.70,9.71,9.70,9.71,400,9.63007
2012-04-18,9.72,9.72,9.72,9.72,100,9.63999
2012-04-17,9.68,9.72,9.68,9.72,700,9.63999
2012-04-16,9.62,9.62,9.62,9.62,000,9.54081
2012-04-13,9.62,9.62,9.62,9.62,000,9.54081
2012-04-12,9.62,9.62,9.62,9.62,000,9.54081
2012-04-11,9.62,9.62,9.62,9.62,000,9.54081
2012-04-10,9.62,9.62,9.62,9.62,000,9.54081
2012-04-09,9.62,9.62,9.62,9.62,000,9.54081
2012-04-05,9.62,9.62,9.62,9.62,000,9.54081
2012-04-04,9.62,9.62,9.62,9.62,000,9.54081
2012-04-03,9.62,9.62,9.62,9.62,500,9.54081
2012-04-02,9.63,9.63,9.61,9.61,500,9.53089
2012-03-30,9.61,9.61,9.61,9.61,1100,9.53089
2012-03-29,9.65,9.65,9.65,9.65,000,9.57057
2012-03-28,9.65,9.65,9.65,9.65,000,9.57057
2012-03-27,9.65,9.65,9.65,9.65,4900,9.57057
2012-03-26,9.73,9.73,9.73,9.73,100,9.64991
2012-03-23,9.62,9.62,9.62,9.62,000,9.54081
2012-03-22,9.62,9.62,9.62,9.62,000,9.54081
2012-03-21,9.62,9.62,9.62,9.62,000,9.54081
2012-03-20,9.62,9.62,9.62,9.62,000,9.54081
2012-03-19,9.62,9.62,9.62,9.62,000,9.54081
2012-03-16,9.62,9.62,9.62,9.62,000,9.54081
2012-03-15,9.62,9.62,9.62,9.62,000,9.54081
2012-03-14,9.62,9.62,9.62,9.62,000,9.54081
2012-03-13,9.62,9.62,9.62,9.62,000,9.54081
2012-03-12,9.62,9.62,9.62,9.62,000,9.54081
2012-03-09,9.62,9.62,9.62,9.62,100,9.54081
2012-03-08,9.63,9.63,9.55,9.62,700,9.54081
2012-03-07,9.61,9.61,9.61,9.61,000,9.53089
2012-03-06,9.52,9.64,9.52,9.61,4500,9.53089
2012-03-05,9.61,9.61,9.61,9.61,000,9.53089
2012-03-02,9.61,9.61,9.61,9.61,000,9.53089
2012-03-01,9.60,9.63,9.60,9.61,1800,9.53089
2012-02-29,9.63,9.64,9.62,9.64,107100,9.56065
2012-02-28,9.62,9.62,9.62,9.62,000,9.54081
2012-02-27,9.62,9.62,9.62,9.62,000,9.54081
2012-02-24,9.62,9.62,9.62,9.62,000,9.54081
2012-02-23,9.62,9.62,9.62,9.62,000,9.54081
2012-02-22,9.62,9.62,9.62,9.62,000,9.54081
2012-02-21,9.62,9.62,9.62,9.62,000,9.54081
2012-02-17,9.62,9.62,9.62,9.62,000,9.54081
2012-02-16,9.62,9.62,9.62,9.62,000,9.54081
2012-02-15,9.62,9.62,9.62,9.62,000,9.54081
2012-02-14,9.62,9.62,9.62,9.62,000,9.54081
2012-02-13,9.62,9.62,9.62,9.62,000,9.54081
2012-02-10,9.62,9.62,9.62,9.62,000,9.54081
2012-02-09,9.62,9.62,9.62,9.62,100,9.54081
2012-02-08,9.53,9.62,9.52,9.62,300,9.54081
2012-02-07,9.76,9.76,9.76,9.76,000,9.67966
2012-02-06,9.76,9.76,9.76,9.76,000,9.67966
2012-02-03,9.76,9.76,9.76,9.76,000,9.67966
2012-02-02,9.76,9.76,9.76,9.76,000,9.67966
2012-02-01,9.76,9.76,9.76,9.76,000,9.67966
2012-01-31,9.76,9.76,9.76,9.76,000,9.67966
2012-01-30,9.76,9.76,9.76,9.76,000,9.67966
2012-01-27,9.76,9.76,9.76,9.76,000,9.67966
2012-01-26,9.76,9.76,9.76,9.76,000,9.67966
2012-01-25,9.76,9.76,9.76,9.76,000,9.67966
2012-01-24,9.76,9.76,9.76,9.76,000,9.67966
2012-01-23,9.76,9.76,9.76,9.76,000,9.67966
2012-01-20,9.76,9.76,9.76,9.76,000,9.67966
2012-01-19,9.76,9.76,9.76,9.76,000,9.67966
2012-01-18,9.76,9.76,9.76,9.76,000,9.67966
2012-01-17,9.76,9.76,9.76,9.76,000,9.67966
2012-01-13,9.76,9.76,9.76,9.76,000,9.67966
2012-01-12,9.76,9.76,9.76,9.76,100,9.67966
2012-01-11,9.67,9.67,9.65,9.65,2000,9.57057
2012-01-10,9.82,9.82,9.82,9.82,100,9.73917
2012-01-09,9.55,9.55,9.55,9.55,000,9.47139
2012-01-06,9.55,9.55,9.55,9.55,000,9.47139
2012-01-05,9.55,9.55,9.52,9.55,10000,9.47139
2012-01-04,9.54,9.54,9.54,9.54,000,9.46147
2012-01-03,9.54,9.54,9.54,9.54,000,9.46147
2011-12-30,9.54,9.54,9.54,9.54,000,9.46147
2011-12-29,9.54,9.54,9.54,9.54,000,9.46147
2011-12-28,9.54,9.54,9.54,9.54,000,9.46147
2011-12-27,9.54,9.54,9.54,9.54,000,9.46147
2011-12-23,9.54,9.54,9.54,9.54,000,9.46147
2011-12-22,9.54,9.54,9.54,9.54,000,9.46147
2011-12-21,9.54,9.54,9.54,9.54,000,9.46147
2011-12-20,9.54,9.54,9.54,9.54,000,9.46147
2011-12-19,9.54,9.54,9.54,9.54,000,9.46147
2011-12-16,9.54,9.54,9.54,9.54,000,9.46147
2011-12-15,9.54,9.54,9.54,9.54,000,9.46147
2011-12-14,9.54,9.54,9.54,9.54,000,9.46147
2011-12-13,9.54,9.54,9.54,9.54,000,9.46147
2011-12-12,9.52,9.54,9.52,9.54,13900,9.46147
2011-12-09,9.50,9.50,9.50,9.50,000,9.4218
2011-12-08,9.50,9.50,9.50,9.50,000,9.4218
2011-12-07,9.50,9.50,9.50,9.50,000,9.4218
2011-12-06,9.50,9.50,9.50,9.50,000,9.4218
2011-12-05,9.50,9.54,9.50,9.50,16000,9.4218
2011-12-02,9.49,9.49,9.49,9.49,000,9.41188
2011-12-01,9.49,9.49,9.49,9.49,000,9.41188
2011-11-30,9.49,9.49,9.49,9.49,000,9.41188
2011-11-29,9.49,9.49,9.49,9.49,000,9.41188
2011-11-28,9.49,9.49,9.49,9.49,000,9.41188
2011-11-25,9.49,9.49,9.49,9.49,000,9.41188
2011-11-23,9.49,9.49,9.49,9.49,000,9.41188
2011-11-22,9.49,9.49,9.49,9.49,000,9.41188
2011-11-21,9.49,9.49,9.49,9.49,000,9.41188
2011-11-18,9.49,9.49,9.49,9.49,000,9.41188
2011-11-17,9.49,9.49,9.49,9.49,000,9.41188
2011-11-16,9.49,9.49,9.49,9.49,000,9.41188
2011-11-15,9.49,9.49,9.49,9.49,000,9.41188
2011-11-14,9.49,9.49,9.49,9.49,000,9.41188
2011-11-11,9.49,9.49,9.49,9.49,000,9.41188
2011-11-10,9.49,9.49,9.49,9.49,000,9.41188
2011-11-09,9.49,9.49,9.49,9.49,000,9.41188
2011-11-08,9.49,9.49,9.49,9.49,000,9.41188
2011-11-07,9.49,9.49,9.49,9.49,000,9.41188
2011-11-04,9.49,9.49,9.49,9.49,000,9.41188
2011-11-03,9.49,9.49,9.49,9.49,000,9.41188
2011-11-02,9.49,9.49,9.49,9.49,000,9.41188
2011-11-01,9.49,9.49,9.49,9.49,000,9.41188
2011-10-31,9.49,9.49,9.49,9.49,000,9.41188
2011-10-28,9.49,9.49,9.49,9.49,000,9.41188
2011-10-27,9.49,9.49,9.49,9.49,000,9.41188
2011-10-26,9.49,9.49,9.49,9.49,000,9.41188
2011-10-25,9.49,9.49,9.49,9.49,000,9.41188
2011-10-24,9.49,9.49,9.49,9.49,000,9.41188
2011-10-21,9.49,9.49,9.49,9.49,000,9.41188
2011-10-20,9.49,9.49,9.49,9.49,300,9.41188
2011-10-19,9.51,9.51,9.51,9.51,000,9.43172
2011-10-18,9.50,9.52,9.50,9.51,100200,9.43172
2011-10-17,9.45,9.56,9.44,9.52,22500,9.44164
2011-10-14,9.46,9.46,9.44,9.45,95800,9.37221
2011-10-13,9.49,9.49,9.45,9.48,6400,9.40196
2011-10-12,9.48,9.50,9.48,9.50,146000,9.4218
2011-10-11,9.51,9.51,9.51,9.51,000,9.43172
2011-10-10,9.50,9.51,9.50,9.51,100500,9.43172
2011-10-07,9.50,9.50,9.50,9.50,000,9.4218
2011-10-06,9.50,9.50,9.50,9.50,000,9.4218
2011-10-05,9.50,9.50,9.50,9.50,000,9.4218
2011-10-04,9.50,9.50,9.50,9.50,000,9.4218
2011-10-03,9.50,9.50,9.50,9.50,100000,9.4218
2011-09-30,9.49,9.49,9.49,9.49,000,9.41188
2011-09-29,9.49,9.49,9.49,9.49,000,9.41188
2011-09-28,9.49,9.49,9.49,9.49,000,9.41188
2011-09-27,9.49,9.49,9.49,9.49,000,9.41188
2011-09-26,9.49,9.49,9.49,9.49,000,9.41188
2011-09-23,9.49,9.49,9.49,9.49,000,9.41188
2011-09-22,9.49,9.49,9.49,9.49,000,9.41188
2011-09-21,9.49,9.49,9.49,9.49,000,9.41188
2011-09-20,9.49,9.49,9.49,9.49,000,9.41188
2011-09-19,9.49,9.49,9.49,9.49,000,9.41188
2011-09-16,9.49,9.49,9.49,9.49,000,9.41188
2011-09-15,9.49,9.49,9.49,9.49,000,9.41188
2011-09-14,9.49,9.49,9.49,9.49,000,9.41188
2011-09-13,9.49,9.49,9.49,9.49,000,9.41188
2011-09-12,9.49,9.49,9.49,9.49,100000,9.41188
2011-09-09,9.50,9.50,9.50,9.50,000,9.4218
2011-09-08,9.50,9.50,9.50,9.50,000,9.4218
2011-09-07,9.50,9.50,9.50,9.50,000,9.4218
2011-09-06,9.50,9.50,9.50,9.50,000,9.4218
2011-09-02,9.50,9.50,9.50,9.50,000,9.4218
2011-09-01,9.50,9.50,9.50,9.50,000,9.4218
2011-08-31,9.50,9.50,9.50,9.50,000,9.4218
2011-08-30,9.50,9.50,9.50,9.50,000,9.4218
2011-08-29,9.50,9.50,9.50,9.50,000,9.4218
2011-08-26,9.50,9.50,9.50,9.50,000,9.4218
2011-08-25,9.50,9.50,9.50,9.50,000,9.4218
2011-08-24,9.50,9.50,9.50,9.50,000,9.4218
2011-08-23,9.50,9.50,9.50,9.50,000,9.4218
2011-08-22,9.50,9.50,9.50,9.50,000,9.4218
2011-08-19,9.50,9.50,9.50,9.50,000,9.4218
2011-08-18,9.50,9.50,9.50,9.50,000,9.4218
2011-08-17,9.50,9.50,9.50,9.50,000,9.4218
2011-08-16,9.50,9.50,9.50,9.50,000,9.4218
2011-08-15,9.50,9.50,9.50,9.50,000,9.4218
2011-08-12,9.50,9.50,9.50,9.50,000,9.4218
2011-08-11,9.50,9.50,9.50,9.50,000,9.4218
2011-08-10,9.50,9.50,9.50,9.50,000,9.4218
2011-08-09,9.50,9.50,9.50,9.50,000,9.4218
2011-08-08,9.50,9.50,9.50,9.50,000,9.4218
2011-08-05,9.50,9.50,9.50,9.50,000,9.4218
2011-08-04,9.50,9.50,9.50,9.50,000,9.4218
2011-08-03,9.50,9.50,9.50,9.50,245000,9.4218
2011-08-02,9.49,9.49,9.49,9.49,200000,9.41188
                                                                                                                                         