Date,Open,High,Low,Close,Volume,Adj Close
2015-05-01,2.41,2.48,2.41,2.48,50100,2.48
2015-04-30,2.41,2.46,2.41,2.41,19700,2.41
2015-04-29,2.41,2.47,2.41,2.44,36800,2.44
2015-04-28,2.47,2.48,2.40,2.44,23900,2.44
2015-04-27,2.52,2.57,2.40,2.42,47200,2.42
2015-04-24,2.42,2.51,2.42,2.49,47600,2.49
2015-04-23,2.48,2.50,2.39,2.41,83000,2.41
2015-04-22,2.50,2.51,2.42,2.48,53100,2.48
2015-04-21,2.49,2.55,2.45,2.51,58200,2.51
2015-04-20,2.53,2.56,2.50,2.52,87900,2.52
2015-04-17,2.58,2.63,2.50,2.54,73300,2.54
2015-04-16,2.66,2.69,2.56,2.59,13100,2.59
2015-04-15,2.74,2.76,2.61,2.67,52700,2.67
2015-04-14,2.66,2.70,2.56,2.70,71200,2.70
2015-04-13,2.59,2.66,2.58,2.62,61600,2.62
2015-04-10,2.54,2.60,2.51,2.56,56700,2.56
2015-04-09,2.61,2.61,2.50,2.57,90700,2.57
2015-04-08,2.38,2.79,2.34,2.63,579300,2.63
2015-04-07,2.29,2.37,2.26,2.37,83000,2.37
2015-04-06,2.26,2.34,2.25,2.26,89800,2.26
2015-04-02,2.27,2.32,2.12,2.19,233400,2.19
2015-04-01,2.36,2.40,2.27,2.27,79500,2.27
2015-03-31,2.45,2.50,2.38,2.39,90900,2.39
2015-03-30,2.43,2.47,2.38,2.43,89600,2.43
2015-03-27,2.47,2.47,2.42,2.45,45800,2.45
2015-03-26,2.45,2.48,2.45,2.48,35800,2.48
2015-03-25,2.49,2.50,2.45,2.49,68900,2.49
2015-03-24,2.48,2.51,2.43,2.51,84300,2.51
2015-03-23,2.49,2.51,2.46,2.51,76400,2.51
2015-03-20,2.51,2.55,2.43,2.45,55500,2.45
2015-03-19,2.49,2.53,2.41,2.52,69100,2.52
2015-03-18,2.50,2.53,2.48,2.52,51800,2.52
2015-03-17,2.58,2.64,2.47,2.53,75300,2.53
2015-03-16,2.47,2.67,2.47,2.57,101500,2.57
2015-03-13,2.60,2.60,2.45,2.47,90800,2.47
2015-03-12,2.59,2.63,2.59,2.61,31600,2.61
2015-03-11,2.61,2.64,2.57,2.60,47600,2.60
2015-03-10,2.64,2.66,2.57,2.58,135800,2.58
2015-03-09,2.72,2.72,2.61,2.62,111100,2.62
2015-03-06,2.65,2.69,2.62,2.69,49000,2.69
2015-03-05,2.74,2.74,2.61,2.65,105900,2.65
2015-03-04,2.61,2.68,2.61,2.66,106900,2.66
2015-03-03,2.70,2.70,2.60,2.64,112400,2.64
2015-03-02,2.85,2.93,2.64,2.70,213000,2.70
2015-02-27,2.76,2.76,2.60,2.60,283600,2.60
2015-02-26,2.79,2.80,2.72,2.77,51200,2.77
2015-02-25,2.70,2.81,2.70,2.75,104400,2.75
2015-02-24,2.70,2.73,2.66,2.71,60200,2.71
2015-02-23,2.78,2.78,2.66,2.68,107900,2.68
2015-02-20,2.72,2.76,2.68,2.74,129500,2.74
2015-02-19,2.74,2.80,2.67,2.76,109300,2.76
2015-02-18,2.74,2.84,2.72,2.74,98100,2.74
2015-02-17,2.85,2.88,2.74,2.75,114500,2.75
2015-02-13,2.95,2.97,2.80,2.83,313300,2.83
2015-02-12,3.05,3.15,2.93,3.01,346200,3.01
2015-02-11,2.85,3.03,2.83,3.03,408200,3.03
2015-02-10,2.78,2.85,2.74,2.85,132000,2.85
2015-02-09,2.75,2.87,2.71,2.76,131700,2.76
2015-02-06,2.73,2.83,2.69,2.75,230600,2.75
2015-02-05,2.65,2.77,2.64,2.75,204400,2.75
2015-02-04,2.67,2.68,2.58,2.67,169500,2.67
2015-02-03,2.56,2.78,2.56,2.71,261100,2.71
2015-02-02,2.66,2.66,2.57,2.57,95400,2.57
2015-01-30,2.62,2.69,2.60,2.61,201300,2.61
2015-01-29,2.72,2.73,2.63,2.64,160300,2.64
2015-01-28,2.79,2.79,2.70,2.70,198900,2.70
2015-01-27,2.78,2.83,2.72,2.79,155100,2.79
2015-01-26,2.85,2.95,2.75,2.81,206000,2.81
2015-01-23,2.65,2.90,2.61,2.83,516800,2.83
2015-01-22,2.61,2.73,2.56,2.62,538000,2.62
2015-01-21,3.50,3.70,2.60,2.60,9017300,2.60
2015-01-20,2.50,2.64,2.50,2.56,109900,2.56
2015-01-16,2.50,2.64,2.50,2.56,91800,2.56
2015-01-15,2.55,2.67,2.50,2.50,191100,2.50
2015-01-14,2.64,2.66,2.43,2.54,265100,2.54
2015-01-13,2.80,2.84,2.65,2.65,265000,2.65
2015-01-12,3.00,3.12,2.75,2.77,648400,2.77
2015-01-09,2.88,2.90,2.84,2.85,95000,2.85
2015-01-08,2.94,3.00,2.85,2.89,189000,2.89
2015-01-07,2.96,2.98,2.90,2.94,133000,2.94
2015-01-06,2.99,3.13,2.83,2.88,618800,2.88
2015-01-05,2.84,2.99,2.82,2.99,304500,2.99
2015-01-02,2.79,2.90,2.78,2.84,145000,2.84
2014-12-31,2.85,2.89,2.80,2.81,174300,2.81
2014-12-30,2.95,2.95,2.83,2.89,135300,2.89
2014-12-29,2.92,2.96,2.85,2.96,147500,2.96
2014-12-26,2.92,2.95,2.87,2.95,233700,2.95
2014-12-24,2.89,2.97,2.88,2.92,64600,2.92
2014-12-23,2.98,2.98,2.85,2.93,90900,2.93
2014-12-22,2.88,2.97,2.85,2.94,178900,2.94
2014-12-19,2.91,2.98,2.88,2.89,150100,2.89
2014-12-18,3.00,3.01,2.88,2.92,196800,2.92
2014-12-17,2.88,3.01,2.86,2.92,180400,2.92
2014-12-16,2.83,2.96,2.83,2.85,111100,2.85
2014-12-15,2.95,2.97,2.83,2.83,375700,2.83
2014-12-12,2.94,3.02,2.91,2.96,212300,2.96
2014-12-11,2.95,3.02,2.90,2.96,227000,2.96
2014-12-10,3.05,3.09,2.92,2.92,324500,2.92
2014-12-09,3.04,3.06,2.94,3.06,318400,3.06
2014-12-08,3.12,3.20,3.00,3.06,302500,3.06
2014-12-05,3.08,3.23,3.05,3.16,421300,3.16
2014-12-04,3.32,3.62,3.05,3.10,1797600,3.10
2014-12-03,2.89,3.16,2.85,3.02,413700,3.02
2014-12-02,3.18,3.23,2.87,2.89,569300,2.89
2014-12-01,3.49,3.50,3.14,3.17,509700,3.17
2014-11-28,3.50,3.66,3.35,3.49,552800,3.49
2014-11-26,3.40,3.67,3.34,3.51,1848700,3.51
2014-11-25,3.54,4.03,3.42,3.49,13512400,3.49
2014-11-24,2.85,2.97,2.80,2.83,276900,2.83
2014-11-21,2.98,3.03,2.76,2.83,308000,2.83
2014-11-20,3.00,3.02,2.85,2.93,420400,2.93
2014-11-19,2.99,3.15,2.95,2.95,255400,2.95
2014-11-18,2.93,3.07,2.93,3.06,170400,3.06
2014-11-17,2.93,3.05,2.85,2.98,582900,2.98
2014-11-14,3.10,3.41,3.10,3.29,574100,3.29
2014-11-13,3.21,3.47,3.09,3.14,1328900,3.14
2014-11-12,3.14,3.42,2.94,3.22,1180800,3.22
2014-11-11,3.11,3.14,2.86,3.14,576900,3.14
2014-11-10,3.26,3.28,3.03,3.08,425900,3.08
2014-11-07,3.33,3.45,3.10,3.17,781700,3.17
2014-11-06,3.11,3.50,2.95,3.33,2758900,3.33
2014-11-05,2.63,3.35,2.61,3.31,2570200,3.31
2014-11-04,2.69,2.76,2.60,2.65,207600,2.65
2014-11-03,2.77,2.77,2.56,2.67,358200,2.67
2014-10-31,2.86,2.86,2.75,2.76,349900,2.76
2014-10-30,2.90,2.94,2.81,2.84,319800,2.84
2014-10-29,2.91,2.98,2.85,2.90,312300,2.90
2014-10-28,2.93,2.98,2.80,2.97,408600,2.97
2014-10-27,3.00,3.29,2.90,2.94,853500,2.94
2014-10-24,2.87,3.15,2.73,3.00,1001100,3.00
2014-10-23,3.22,3.25,2.88,2.90,983500,2.90
2014-10-22,3.29,3.35,3.00,3.20,1418800,3.20
2014-10-21,3.88,4.11,3.15,3.26,7162000,3.26
2014-10-20,3.58,4.44,3.28,3.74,28448000,3.74
2014-10-17,2.31,2.64,2.31,2.35,462800,2.35
2014-10-16,2.22,2.44,2.22,2.43,383200,2.43
2014-10-15,2.32,2.32,2.11,2.27,428000,2.27
2014-10-14,2.50,2.53,2.29,2.34,470900,2.34
2014-10-13,2.79,2.79,2.31,2.49,1103000,2.49
2014-10-10,3.06,3.15,2.77,2.81,1059900,2.81
2014-10-09,3.18,3.48,3.07,3.12,1799500,3.12
2014-10-08,3.47,3.56,3.09,3.25,1116600,3.25
2014-10-07,3.66,3.70,3.21,3.32,1472300,3.32
2014-10-06,3.78,3.81,3.61,3.67,456900,3.67
2014-10-03,3.67,4.04,3.65,3.70,1036000,3.70
2014-10-02,3.76,3.85,3.60,3.69,514900,3.69
2014-10-01,3.72,3.90,3.58,3.75,1113100,3.75
2014-09-30,3.57,4.35,3.57,3.79,4193100,3.79
2014-09-29,3.56,4.20,3.45,3.62,2320500,3.62
2014-09-26,3.81,4.10,3.74,3.79,926000,3.79
2014-09-25,3.63,4.08,3.38,3.91,2209100,3.91
2014-09-24,3.85,3.97,3.60,3.64,770800,3.64
2014-09-23,3.57,4.22,3.56,3.92,1948700,3.92
2014-09-22,4.06,4.06,3.39,3.76,2680200,3.76
2014-09-19,4.50,4.75,4.08,4.12,2620500,4.12
2014-09-18,6.15,6.43,4.32,4.34,6097100,4.34
2014-09-17,6.03,6.43,5.76,6.12,2058100,6.12
2014-09-16,6.72,8.05,6.39,6.45,14842000,6.45
2014-09-15,6.34,6.52,5.20,5.40,1812200,5.40
2014-09-12,6.98,7.20,6.19,6.37,6618900,6.37
2014-09-11,5.68,7.78,5.60,6.29,19152600,6.29
2014-09-10,6.65,7.39,5.00,5.37,6803300,5.37
2014-09-09,3.52,9.37,3.35,7.09,39904900,7.09
2014-09-08,2.81,3.00,2.73,2.92,217000,2.92
2014-09-05,2.73,2.81,2.72,2.77,62800,2.77
2014-09-04,2.76,2.85,2.75,2.77,66900,2.77
2014-09-03,2.86,2.92,2.71,2.79,124200,2.79
2014-09-02,2.97,2.99,2.83,2.86,103400,2.86
2014-08-29,2.87,2.97,2.72,2.93,279100,2.93
2014-08-28,3.00,3.04,2.70,2.81,319900,2.81
2014-08-27,2.76,2.87,2.68,2.80,132100,2.80
2014-08-26,2.91,2.96,2.73,2.75,175500,2.75
2014-08-25,2.90,3.13,2.84,2.86,265100,2.86
2014-08-22,2.75,2.88,2.62,2.84,258200,2.84
2014-08-21,3.05,3.14,2.77,2.83,419400,2.83
2014-08-20,2.65,3.17,2.52,3.02,1037700,3.02
2014-08-19,2.30,2.64,2.21,2.55,706300,2.55
2014-08-18,2.31,2.34,2.20,2.25,143100,2.25
2014-08-15,2.12,2.38,2.06,2.29,319200,2.29
2014-08-14,2.14,2.20,2.07,2.13,20000,2.13
2014-08-13,2.07,2.14,2.07,2.11,58900,2.11
2014-08-12,2.10,2.19,2.06,2.06,152500,2.06
2014-08-11,1.98,2.20,1.98,2.09,386500,2.09
2014-08-08,1.96,2.05,1.93,1.97,45800,1.97
2014-08-07,2.08,2.08,1.85,1.96,205000,1.96
2014-08-06,2.03,2.18,1.97,2.00,312400,2.00
2014-08-05,1.90,2.12,1.87,1.99,527500,1.99
2014-08-04,1.84,1.96,1.82,1.94,186400,1.94
2014-08-01,1.87,1.91,1.83,1.85,30200,1.85
2014-07-31,1.88,1.95,1.81,1.82,128300,1.82
2014-07-30,1.97,2.06,1.85,1.88,193500,1.88
2014-07-29,2.08,2.19,1.95,2.01,406300,2.01
2014-07-28,1.84,2.14,1.84,2.06,613900,2.06
2014-07-25,1.90,1.93,1.81,1.89,80100,1.89
2014-07-24,1.81,1.87,1.72,1.87,127400,1.87
2014-07-23,1.89,1.98,1.80,1.87,284100,1.87
2014-07-22,1.92,2.05,1.80,1.90,450600,1.90
2014-07-21,1.69,1.95,1.62,1.92,938400,1.92
2014-07-18,1.66,1.75,1.56,1.66,199100,1.66
2014-07-17,1.72,1.78,1.58,1.64,213400,1.64
2014-07-16,1.80,1.89,1.66,1.72,341500,1.72
2014-07-15,2.06,2.25,1.73,1.77,913300,1.77
2014-07-14,1.56,2.00,1.48,1.91,1384600,1.91
2014-07-11,1.52,1.69,1.51,1.56,111900,1.56
2014-07-10,1.55,1.70,1.46,1.52,455800,1.52
2014-07-09,1.39,2.10,1.35,1.63,1961100,1.63
2014-07-08,1.25,1.49,1.15,1.36,257800,1.36
2014-07-07,1.33,1.33,1.25,1.31,48400,1.31
2014-07-03,1.28,1.40,1.26,1.33,16800,1.33
2014-07-02,1.29,1.36,1.23,1.32,73100,1.32
2014-07-01,1.22,1.45,1.20,1.30,593800,1.30
2014-06-30,1.22,1.22,1.20,1.22,24000,1.22
2014-06-27,1.20,1.22,1.20,1.22,34700,1.22
2014-06-26,1.15,1.21,1.13,1.20,27400,1.20
2014-06-25,1.22,1.23,1.16,1.18,52700,1.18
2014-06-24,1.22,1.26,1.17,1.22,74400,1.22
2014-06-23,1.23,1.30,1.16,1.19,67800,1.19
2014-06-20,1.23,1.31,1.16,1.25,277800,1.25
2014-06-19,1.00,1.50,1.00,1.24,1568100,1.24
2014-06-18,0.94,1.00,0.94,1.00,51400,1.00
2014-06-17,1.00,1.00,0.95,0.95,21500,0.95
2014-06-16,1.00,1.00,1.00,1.00,5000,1.00
2014-06-13,0.98,1.00,0.98,1.00,9000,1.00
2014-06-12,0.98,1.00,0.98,1.00,14400,1.00
2014-06-11,0.97,1.00,0.96,1.00,10800,1.00
2014-06-10,0.99,1.00,0.96,0.97,22700,0.97
2014-06-09,0.98,0.99,0.91,0.99,22000,0.99
2014-06-06,0.94,0.98,0.89,0.95,46800,0.95
2014-06-05,0.98,0.98,0.91,0.91,13500,0.91
2014-06-04,0.90,0.96,0.88,0.96,69800,0.96
2014-06-03,0.92,0.92,0.88,0.89,34800,0.89
2014-06-02,0.93,0.93,0.90,0.90,1800,0.90
2014-05-30,0.94,0.95,0.86,0.93,23700,0.93
2014-05-29,0.86,0.97,0.86,0.94,26900,0.94
2014-05-28,0.90,1.02,0.86,0.86,24900,0.86
2014-05-27,1.05,1.05,0.85,0.90,57600,0.90
2014-05-23,1.08,1.08,1.03,1.07,18900,1.07
2014-05-22,1.13,1.13,1.03,1.07,8800,1.07
2014-05-21,1.05,1.05,1.04,1.04,1700,1.04
2014-05-20,1.04,1.08,1.02,1.06,7700,1.06
2014-05-19,1.08,1.14,1.00,1.02,38400,1.02
2014-05-16,1.01,1.05,1.00,1.02,2900,1.02
2014-05-15,1.08,1.09,1.02,1.03,12600,1.03
2014-05-14,1.09,1.17,1.01,1.02,63900,1.02
2014-05-13,1.17,1.17,1.05,1.10,28400,1.10
2014-05-12,1.00,1.07,0.83,1.04,52100,1.04
2014-05-09,1.03,1.03,1.00,1.00,10500,1.00
2014-05-08,1.01,1.05,1.01,1.04,5900,1.04
2014-05-07,1.02,1.02,1.01,1.02,12100,1.02
2014-05-06,1.06,1.06,1.00,1.03,18400,1.03
2014-05-05,1.07,1.07,1.04,1.04,3700,1.04
2014-05-02,1.03,1.09,1.03,1.05,14800,1.05
2014-05-01,1.15,1.15,1.00,1.02,75200,1.02
2014-04-30,1.20,1.20,1.15,1.16,5200,1.16
2014-04-29,1.17,1.20,1.14,1.18,17700,1.18
2014-04-28,1.20,1.20,1.14,1.19,4700,1.19
2014-04-25,1.24,1.24,1.19,1.19,2200,1.19
2014-04-24,1.19,1.22,1.19,1.21,6200,1.21
2014-04-23,1.18,1.19,1.18,1.19,1700,1.19
2014-04-22,1.19,1.22,1.18,1.19,9500,1.19
2014-04-21,1.20,1.20,1.19,1.19,3400,1.19
2014-04-17,1.20,1.20,1.18,1.18,2900,1.18
2014-04-16,1.18,1.19,1.18,1.19,2100,1.19
2014-04-15,1.16,1.30,1.16,1.23,34400,1.23
2014-04-14,1.20,1.20,1.17,1.19,4100,1.19
2014-04-11,1.16,1.19,1.16,1.19,11900,1.19
2014-04-10,1.19,1.20,1.17,1.19,10500,1.19
2014-04-09,1.16,1.20,1.16,1.17,13100,1.17
2014-04-08,1.18,1.19,1.16,1.19,19000,1.19
2014-04-07,1.21,1.21,1.18,1.19,5600,1.19
2014-04-04,1.23,1.23,1.18,1.19,9300,1.19
2014-04-03,1.20,1.23,1.18,1.19,34300,1.19
2014-04-02,1.18,1.22,1.18,1.21,4900,1.21
2014-04-01,1.22,1.23,1.19,1.21,12800,1.21
2014-03-31,1.18,1.22,1.18,1.20,7300,1.20
2014-03-28,1.23,1.23,1.19,1.21,5700,1.21
2014-03-27,1.23,1.23,1.20,1.21,2500,1.21
2014-03-26,1.18,1.23,1.18,1.23,1400,1.23
2014-03-25,1.20,1.22,1.19,1.20,6400,1.20
2014-03-24,1.21,1.25,1.19,1.19,22900,1.19
2014-03-21,1.22,1.24,1.21,1.21,5100,1.21
2014-03-20,1.27,1.27,1.23,1.23,3000,1.23
2014-03-19,1.23,1.26,1.22,1.23,6800,1.23
2014-03-18,1.21,1.26,1.21,1.23,10000,1.23
2014-03-17,1.21,1.23,1.20,1.23,15500,1.23
2014-03-14,1.26,1.30,1.22,1.22,24000,1.22
2014-03-13,1.32,1.36,1.25,1.27,63400,1.27
2014-03-12,1.39,1.39,1.31,1.35,7100,1.35
2014-03-11,1.39,1.39,1.32,1.33,10300,1.33
2014-03-10,1.39,1.39,1.29,1.33,15800,1.33
2014-03-07,1.36,1.42,1.32,1.34,53600,1.34
2014-03-06,1.33,1.44,1.30,1.38,85700,1.38
2014-03-05,1.33,1.33,1.30,1.30,15700,1.30
2014-03-04,1.28,1.33,1.28,1.32,20500,1.32
2014-03-03,1.33,1.33,1.26,1.31,33800,1.31
2014-02-28,1.33,1.34,1.26,1.29,29300,1.29
2014-02-27,1.26,1.33,1.25,1.30,121900,1.30
2014-02-26,1.24,1.30,1.23,1.23,109100,1.23
2014-02-25,1.23,1.24,1.23,1.24,6500,1.24
2014-02-24,1.23,1.25,1.20,1.21,18200,1.21
2014-02-21,1.24,1.26,1.21,1.21,28400,1.21
2014-02-20,1.24,1.28,1.22,1.28,28600,1.28
2014-02-19,1.28,1.28,1.24,1.24,6400,1.24
2014-02-18,1.24,1.31,1.23,1.25,37500,1.25
2014-02-14,1.34,1.45,1.24,1.28,169100,1.28
2014-02-13,1.22,1.35,1.21,1.23,49200,1.23
2014-02-12,1.23,1.28,1.22,1.22,27700,1.22
2014-02-11,1.30,1.30,1.23,1.24,27000,1.24
2014-02-10,1.30,1.32,1.26,1.26,8400,1.26
2014-02-07,1.24,1.34,1.24,1.28,17300,1.28
2014-02-06,1.24,1.28,1.18,1.22,30200,1.22
2014-02-05,1.23,1.26,1.23,1.23,5900,1.23
2014-02-04,1.21,1.25,1.21,1.22,11500,1.22
2014-02-03,1.24,1.27,1.15,1.21,24700,1.21
2014-01-31,1.20,1.23,1.20,1.22,8100,1.22
2014-01-30,1.20,1.24,1.17,1.24,11100,1.24
2014-01-29,1.19,1.25,1.18,1.21,12900,1.21
2014-01-28,1.16,1.22,1.16,1.19,29100,1.19
2014-01-27,1.33,1.33,1.15,1.17,30900,1.17
2014-01-24,1.36,1.36,1.30,1.30,23100,1.30
2014-01-23,1.36,1.36,1.33,1.34,47100,1.34
2014-01-22,1.37,1.37,1.33,1.33,19600,1.33
2014-01-21,1.33,1.37,1.25,1.34,30100,1.34
2014-01-17,1.30,1.31,1.28,1.29,24100,1.29
2014-01-16,1.32,1.36,1.31,1.31,9800,1.31
2014-01-15,1.33,1.37,1.32,1.35,9700,1.35
2014-01-14,1.34,1.37,1.30,1.31,6400,1.31
2014-01-13,1.32,1.38,1.29,1.29,23100,1.29
2014-01-10,1.31,1.35,1.31,1.32,16600,1.32
2014-01-09,1.33,1.39,1.30,1.31,10000,1.31
2014-01-08,1.36,1.44,1.33,1.33,18500,1.33
2014-01-07,1.37,1.43,1.33,1.36,70200,1.36
2014-01-06,1.42,1.52,1.38,1.40,246200,1.40
2014-01-03,1.19,1.52,1.19,1.40,512900,1.40
2014-01-02,1.16,1.19,1.16,1.19,20700,1.19
2013-12-31,1.16,1.20,1.15,1.16,39500,1.16
2013-12-30,1.18,1.23,1.15,1.17,36700,1.17
2013-12-27,1.15,1.24,1.15,1.24,34000,1.24
2013-12-26,1.13,1.18,1.13,1.18,42700,1.18
2013-12-24,1.16,1.16,1.13,1.13,14000,1.13
2013-12-23,1.14,1.16,1.13,1.13,48300,1.13
2013-12-20,1.17,1.28,1.13,1.13,48800,1.13
2013-12-19,1.13,1.16,1.13,1.14,16500,1.14
2013-12-18,1.14,1.14,1.11,1.13,33900,1.13
2013-12-17,1.18,1.18,1.13,1.14,15200,1.14
2013-12-16,1.20,1.25,1.16,1.16,19300,1.16
2013-12-13,1.16,1.24,1.16,1.22,28200,1.22
2013-12-12,1.15,1.16,1.15,1.15,6900,1.15
2013-12-11,1.21,1.21,1.13,1.14,32500,1.14
2013-12-10,1.18,1.19,1.15,1.18,29100,1.18
2013-12-09,1.20,1.26,1.13,1.14,37100,1.14
2013-12-06,1.18,1.18,1.11,1.15,21900,1.15
2013-12-05,1.13,1.14,1.10,1.12,8300,1.12
2013-12-04,1.13,1.17,1.13,1.14,3500,1.14
2013-12-03,1.20,1.20,1.13,1.16,24100,1.16
2013-12-02,1.13,1.20,1.12,1.18,78700,1.18
2013-11-29,1.13,1.14,1.13,1.14,8000,1.14
2013-11-27,1.13,1.17,1.13,1.13,9000,1.13
2013-11-26,1.15,1.16,1.14,1.14,4700,1.14
2013-11-25,1.13,1.15,1.12,1.14,9700,1.14
2013-11-22,1.14,1.16,1.12,1.15,17800,1.15
2013-11-21,1.12,1.14,1.12,1.13,14900,1.13
2013-11-20,1.15,1.17,1.12,1.12,9000,1.12
2013-11-19,1.17,1.17,1.13,1.16,12200,1.16
2013-11-18,1.13,1.17,1.13,1.17,18500,1.17
2013-11-15,1.15,1.18,1.11,1.13,49800,1.13
2013-11-14,1.14,1.22,1.11,1.14,33000,1.14
2013-11-13,1.17,1.17,1.13,1.16,53800,1.16
2013-11-12,1.20,1.23,1.16,1.19,22000,1.19
2013-11-11,1.30,1.30,1.20,1.21,15300,1.21
2013-11-08,1.23,1.25,1.22,1.25,30200,1.25
2013-11-07,1.22,1.25,1.20,1.20,17400,1.20
2013-11-06,1.33,1.33,1.22,1.23,16300,1.23
2013-11-05,1.20,1.27,1.20,1.22,29100,1.22
2013-11-04,1.22,1.26,1.21,1.22,17400,1.22
2013-11-01,1.25,1.27,1.20,1.22,8400,1.22
2013-10-31,1.27,1.27,1.22,1.27,7800,1.27
2013-10-30,1.29,1.36,1.21,1.26,30400,1.26
2013-10-29,1.25,1.29,1.23,1.26,51500,1.26
2013-10-28,1.32,1.34,1.26,1.26,32400,1.26
2013-10-25,1.34,1.35,1.26,1.29,21100,1.29
2013-10-24,1.32,1.36,1.25,1.35,16900,1.35
2013-10-23,1.31,1.32,1.27,1.29,31600,1.29
2013-10-22,1.33,1.35,1.30,1.30,13500,1.30
2013-10-21,1.30,1.37,1.30,1.37,20000,1.37
2013-10-18,1.34,1.34,1.28,1.34,33600,1.34
2013-10-17,1.30,1.36,1.28,1.34,38900,1.34
2013-10-16,1.24,1.29,1.23,1.25,58400,1.25
2013-10-15,1.12,1.23,1.12,1.18,31200,1.18
2013-10-14,1.19,1.22,1.15,1.17,17600,1.17
2013-10-11,1.18,1.25,1.14,1.16,44700,1.16
2013-10-10,1.12,1.17,1.12,1.15,15900,1.15
2013-10-09,1.19,1.20,1.12,1.13,28800,1.13
2013-10-08,1.18,1.19,1.14,1.16,44800,1.16
2013-10-07,1.20,1.20,1.17,1.20,17900,1.20
2013-10-04,1.21,1.22,1.11,1.20,30500,1.20
2013-10-03,1.25,1.26,1.21,1.21,35600,1.21
2013-10-02,1.31,1.33,1.25,1.26,50300,1.26
2013-10-01,1.35,1.35,1.31,1.31,10100,1.31
2013-09-30,1.31,1.35,1.31,1.32,14600,1.32
2013-09-27,1.38,1.38,1.31,1.32,13800,1.32
2013-09-26,1.41,1.43,1.35,1.36,5500,1.36
2013-09-25,1.44,1.44,1.35,1.40,9200,1.40
2013-09-24,1.35,1.44,1.35,1.35,32600,1.35
2013-09-23,1.30,1.37,1.30,1.37,11800,1.37
2013-09-20,1.36,1.36,1.27,1.32,51000,1.32
2013-09-19,1.45,1.45,1.35,1.36,21800,1.36
2013-09-18,1.40,1.43,1.40,1.41,8400,1.41
2013-09-17,1.40,1.43,1.40,1.43,6700,1.43
2013-09-16,1.44,1.45,1.40,1.40,11400,1.40
2013-09-13,1.44,1.44,1.39,1.41,10700,1.41
2013-09-12,1.45,1.52,1.41,1.44,40900,1.44
2013-09-11,1.44,1.49,1.43,1.44,33800,1.44
2013-09-10,1.42,1.54,1.42,1.47,172500,1.47
2013-09-09,1.43,1.43,1.38,1.40,19700,1.40
2013-09-06,1.42,1.42,1.38,1.42,19300,1.42
2013-09-05,1.38,1.42,1.38,1.39,36600,1.39
2013-09-04,1.38,1.41,1.38,1.39,20500,1.39
2013-09-03,1.38,1.41,1.38,1.40,5500,1.40
2013-08-30,1.44,1.46,1.38,1.40,12400,1.40
2013-08-29,1.45,1.46,1.36,1.40,33300,1.40
2013-08-28,1.38,1.45,1.38,1.42,17100,1.42
2013-08-27,1.40,1.41,1.35,1.37,52900,1.37
2013-08-26,1.43,1.50,1.41,1.44,50300,1.44
2013-08-23,1.41,1.47,1.38,1.39,29000,1.39
2013-08-22,1.42,1.54,1.39,1.44,66700,1.44
2013-08-21,1.38,1.42,1.38,1.42,11600,1.42
2013-08-20,1.38,1.43,1.37,1.40,25200,1.40
2013-08-19,1.38,1.43,1.38,1.41,16900,1.41
2013-08-16,1.44,1.44,1.39,1.39,22500,1.39
2013-08-15,1.43,1.44,1.36,1.40,36600,1.40
2013-08-14,1.42,1.50,1.42,1.44,28600,1.44
2013-08-13,1.48,1.48,1.42,1.42,65000,1.42
2013-08-12,1.40,1.55,1.38,1.46,251300,1.46
2013-08-09,1.35,1.44,1.35,1.38,96600,1.38
2013-08-08,1.40,1.40,1.35,1.38,27000,1.38
2013-08-07,1.44,1.46,1.35,1.38,16200,1.38
2013-08-06,1.35,1.45,1.35,1.44,54600,1.44
2013-08-05,1.41,1.42,1.35,1.36,19300,1.36
2013-08-02,1.41,1.45,1.40,1.41,7000,1.41
2013-08-01,1.45,1.46,1.40,1.42,44100,1.42
2013-07-31,1.39,1.45,1.39,1.39,25800,1.39
2013-07-30,1.48,1.48,1.40,1.40,14000,1.40
2013-07-29,1.41,1.47,1.41,1.46,16800,1.46
2013-07-26,1.44,1.44,1.35,1.39,29400,1.39
2013-07-25,1.40,1.43,1.37,1.42,19500,1.42
2013-07-24,1.35,1.40,1.35,1.37,31200,1.37
2013-07-23,1.36,1.36,1.32,1.35,12700,1.35
2013-07-22,1.32,1.37,1.30,1.33,25500,1.33
2013-07-19,1.33,1.36,1.33,1.35,21600,1.35
2013-07-18,1.27,1.33,1.27,1.32,45000,1.32
2013-07-17,1.32,1.32,1.27,1.30,23000,1.30
2013-07-16,1.35,1.36,1.30,1.32,16800,1.32
2013-07-15,1.30,1.36,1.30,1.34,9500,1.34
2013-07-12,1.37,1.38,1.31,1.31,16600,1.31
2013-07-11,1.37,1.39,1.32,1.35,21400,1.35
2013-07-10,1.38,1.43,1.34,1.37,14300,1.37
2013-07-09,1.35,1.41,1.35,1.38,7800,1.38
2013-07-08,1.44,1.44,1.33,1.35,25600,1.35
2013-07-05,1.36,1.44,1.33,1.44,18100,1.44
2013-07-03,1.35,1.42,1.32,1.34,31900,1.34
2013-07-02,1.38,1.40,1.30,1.35,23200,1.35
2013-07-01,1.43,1.43,1.34,1.36,16300,1.36
2013-06-28,1.46,1.46,1.38,1.39,5800,1.39
2013-06-27,1.43,1.51,1.41,1.44,15300,1.44
2013-06-26,1.43,1.47,1.41,1.41,8900,1.41
2013-06-25,1.43,1.46,1.39,1.43,21800,1.43
2013-06-24,1.45,1.48,1.42,1.44,10200,1.44
2013-06-21,1.42,1.47,1.41,1.46,20600,1.46
2013-06-20,1.48,1.50,1.41,1.43,33900,1.43
2013-06-19,1.54,1.54,1.45,1.49,15000,1.49
2013-06-18,1.45,1.53,1.45,1.52,36700,1.52
2013-06-17,1.46,1.54,1.43,1.49,44900,1.49
2013-06-14,1.50,1.53,1.41,1.44,46300,1.44
2013-06-13,1.54,1.54,1.47,1.53,29500,1.53
2013-06-12,1.52,1.59,1.50,1.51,37400,1.51
2013-06-11,1.54,1.63,1.50,1.54,104000,1.54
2013-06-10,1.56,1.56,1.47,1.54,17700,1.54
2013-06-07,1.58,1.58,1.51,1.54,48000,1.54
2013-06-06,1.52,1.58,1.41,1.58,73500,1.58
2013-06-05,1.50,1.50,1.44,1.50,64500,1.50
2013-06-04,1.47,1.52,1.43,1.49,48600,1.49
2013-06-03,1.60,1.64,1.50,1.50,39300,1.50
2013-05-31,1.56,1.67,1.50,1.58,72600,1.58
2013-05-30,1.59,1.60,1.50,1.52,33600,1.52
2013-05-29,1.44,1.55,1.44,1.52,108700,1.52
2013-05-28,1.55,1.66,1.44,1.51,230000,1.51
2013-05-24,1.59,1.68,1.51,1.55,119200,1.55
2013-05-23,1.33,1.63,1.33,1.56,221400,1.56
2013-05-22,1.65,1.66,1.35,1.41,311600,1.41
2013-05-21,1.25,1.78,1.24,1.58,1343700,1.58
2013-05-20,1.20,1.29,1.16,1.26,90300,1.26
2013-05-17,1.17,1.27,1.17,1.17,109800,1.17
2013-05-16,1.15,1.16,1.15,1.15,15200,1.15
2013-05-15,1.18,1.18,1.14,1.16,27700,1.16
2013-05-14,1.17,1.17,1.14,1.14,33500,1.14
2013-05-13,1.18,1.18,1.14,1.18,10000,1.18
2013-05-10,1.11,1.23,1.11,1.17,45000,1.17
2013-05-09,1.30,1.32,1.16,1.20,127700,1.20
2013-05-08,1.12,1.35,1.09,1.28,411500,1.28
2013-05-07,1.13,1.14,1.11,1.12,13300,1.12
2013-05-06,1.18,1.18,1.13,1.13,30900,1.13
2013-05-03,1.15,1.18,1.14,1.14,9200,1.14
2013-05-02,1.15,1.20,1.15,1.15,33100,1.15
2013-05-01,1.21,1.21,1.15,1.20,15600,1.20
2013-04-30,1.20,1.20,1.15,1.18,6200,1.18
2013-04-29,1.20,1.22,1.13,1.16,24300,1.16
2013-04-26,1.17,1.20,1.14,1.20,27700,1.20
2013-04-25,1.16,1.20,1.13,1.17,31100,1.17
2013-04-24,1.18,1.23,1.13,1.20,95000,1.20
2013-04-23,1.18,1.18,1.14,1.18,12400,1.18
2013-04-22,1.15,1.20,1.12,1.18,21000,1.18
2013-04-19,1.15,1.23,1.15,1.18,17600,1.18
2013-04-18,1.19,1.19,1.14,1.17,12800,1.17
2013-04-17,1.21,1.25,1.14,1.15,53300,1.15
2013-04-16,1.24,1.25,1.17,1.19,13400,1.19
2013-04-15,1.21,1.25,1.16,1.22,17400,1.22
2013-04-12,1.20,1.22,1.15,1.19,23200,1.19
2013-04-11,1.18,1.20,1.13,1.20,16800,1.20
2013-04-10,1.20,1.20,1.11,1.18,77900,1.18
2013-04-09,1.15,1.20,1.15,1.17,20400,1.17
2013-04-08,1.18,1.20,1.15,1.19,40000,1.19
2013-04-05,1.18,1.19,1.14,1.18,13000,1.18
2013-04-04,1.18,1.20,1.15,1.15,23500,1.15
2013-04-03,1.20,1.20,1.16,1.19,26700,1.19
2013-04-02,1.16,1.22,1.14,1.20,49500,1.20
2013-04-01,1.21,1.21,1.12,1.20,25400,1.20
2013-03-28,1.17,1.22,1.13,1.21,53900,1.21
2013-03-27,1.21,1.21,1.11,1.21,20500,1.21
2013-03-26,1.20,1.20,1.18,1.20,12000,1.20
2013-03-25,1.19,1.20,1.12,1.18,21700,1.18
2013-03-22,1.12,1.20,1.12,1.19,10800,1.19
2013-03-21,1.20,1.20,1.14,1.20,24100,1.20
2013-03-20,1.22,1.22,1.16,1.20,22200,1.20
2013-03-19,1.20,1.22,1.13,1.20,26600,1.20
2013-03-18,1.11,1.25,1.11,1.22,48400,1.22
2013-03-15,1.16,1.18,1.07,1.12,54200,1.12
2013-03-14,1.22,1.23,1.12,1.15,67500,1.15
2013-03-13,1.24,1.28,1.17,1.20,43200,1.20
2013-03-12,1.21,1.30,1.16,1.26,64100,1.26
2013-03-11,1.25,1.30,1.18,1.18,72900,1.18
2013-03-08,1.22,1.26,1.16,1.17,43800,1.17
2013-03-07,1.18,1.22,1.16,1.19,20600,1.19
2013-03-06,1.13,1.20,1.12,1.20,31200,1.20
2013-03-05,1.14,1.14,1.12,1.14,22300,1.14
2013-03-04,1.11,1.16,1.11,1.11,37300,1.11
2013-03-01,1.15,1.17,1.14,1.15,21700,1.15
2013-02-28,1.13,1.17,1.08,1.12,31900,1.12
2013-02-27,1.15,1.15,1.08,1.10,33400,1.10
2013-02-26,1.12,1.15,1.06,1.13,43200,1.13
2013-02-25,1.08,1.15,1.05,1.07,39500,1.07
2013-02-22,1.04,1.13,1.04,1.10,57000,1.10
2013-02-21,1.06,1.11,1.03,1.06,69700,1.06
2013-02-20,1.07,1.07,1.04,1.07,18900,1.07
2013-02-19,1.05,1.09,1.03,1.05,51900,1.05
2013-02-15,1.03,1.09,1.02,1.03,30900,1.03
2013-02-14,1.07,1.10,1.05,1.10,47600,1.10
2013-02-13,1.05,1.08,1.01,1.05,26200,1.05
2013-02-12,1.04,1.06,1.01,1.03,47700,1.03
2013-02-11,1.01,1.08,1.00,1.06,44200,1.06
2013-02-08,1.04,1.04,1.01,1.01,31100,1.01
2013-02-07,1.03,1.10,1.03,1.04,38000,1.04
2013-02-06,1.05,1.05,1.02,1.04,22900,1.04
2013-02-05,1.05,1.05,1.02,1.04,41300,1.04
2013-02-04,1.05,1.05,1.04,1.05,14400,1.05
2013-02-01,1.09,1.10,1.02,1.05,79300,1.05
2013-01-31,1.07,1.15,1.03,1.09,41900,1.09
2013-01-30,1.07,1.10,1.07,1.09,12400,1.09
2013-01-29,1.07,1.13,1.07,1.10,15500,1.10
2013-01-28,1.10,1.10,1.07,1.08,11700,1.08
2013-01-25,1.12,1.14,1.06,1.07,51800,1.07
2013-01-24,1.11,1.15,1.07,1.07,27300,1.07
2013-01-23,1.12,1.14,1.08,1.10,22100,1.10
2013-01-22,1.15,1.15,1.11,1.12,14400,1.12
2013-01-18,1.17,1.17,1.11,1.17,26900,1.17
2013-01-17,1.17,1.20,1.15,1.16,25100,1.16
2013-01-16,1.16,1.20,1.16,1.18,24600,1.18
2013-01-15,1.18,1.20,1.18,1.20,15100,1.20
2013-01-14,1.18,1.20,1.18,1.20,19800,1.20
2013-01-11,1.18,1.22,1.18,1.21,7600,1.21
2013-01-10,1.21,1.22,1.16,1.19,30700,1.19
2013-01-09,1.21,1.22,1.20,1.22,12300,1.22
2013-01-08,1.18,1.20,1.18,1.18,31200,1.18
2013-01-07,1.23,1.23,1.17,1.18,12000,1.18
2013-01-04,1.25,1.26,1.23,1.23,23700,1.23
2013-01-03,1.27,1.29,1.25,1.28,24500,1.28
2013-01-02,1.20,1.28,1.20,1.28,34200,1.28
2012-12-31,1.17,1.19,1.16,1.18,30700,1.18
2012-12-28,1.18,1.20,1.16,1.17,38400,1.17
2012-12-27,1.21,1.24,1.20,1.20,23100,1.20
2012-12-26,1.30,1.32,1.22,1.22,27100,1.22
2012-12-24,1.20,1.34,1.20,1.32,44300,1.32
2012-12-21,1.13,1.24,1.13,1.24,73600,1.24
2012-12-20,1.15,1.15,1.12,1.13,18900,1.13
2012-12-19,1.20,1.20,1.15,1.16,23900,1.16
2012-12-18,1.20,1.21,1.20,1.20,19400,1.20
2012-12-17,1.27,1.28,1.20,1.24,20800,1.24
2012-12-14,1.18,1.27,1.18,1.27,28000,1.27
2012-12-13,1.20,1.22,1.20,1.21,5800,1.21
2012-12-12,1.24,1.26,1.20,1.21,21300,1.21
2012-12-11,1.30,1.31,1.25,1.27,15000,1.27
2012-12-10,1.30,1.31,1.26,1.31,10600,1.31
2012-12-07,1.30,1.35,1.30,1.32,25000,1.32
2012-12-06,1.34,1.34,1.32,1.33,18900,1.33
2012-12-05,1.35,1.35,1.32,1.33,16300,1.33
2012-12-04,1.25,1.38,1.25,1.36,36400,1.36
2012-12-03,1.31,1.36,1.30,1.35,45300,1.35
2012-11-30,1.30,1.38,1.28,1.38,40800,1.38
2012-11-29,1.33,1.34,1.30,1.31,21500,1.31
2012-11-28,1.32,1.35,1.30,1.33,18700,1.33
2012-11-27,1.29,1.37,1.29,1.33,28800,1.33
2012-11-26,1.34,1.38,1.27,1.32,27700,1.32
2012-11-23,1.43,1.43,1.27,1.35,31000,1.35
2012-11-21,1.41,1.43,1.35,1.41,14200,1.41
2012-11-20,1.45,1.46,1.41,1.43,31500,1.43
2012-11-19,1.46,1.48,1.39,1.47,25600,1.47
2012-11-16,1.43,1.48,1.43,1.48,27100,1.48
2012-11-15,1.47,1.47,1.40,1.45,32500,1.45
2012-11-14,1.40,1.47,1.40,1.47,46100,1.47
2012-11-13,1.45,1.48,1.40,1.41,25200,1.41
2012-11-12,1.46,1.51,1.45,1.49,18600,1.49
2012-11-09,1.48,1.52,1.43,1.49,16600,1.49
2012-11-08,1.48,1.50,1.46,1.49,15700,1.49
2012-11-07,1.50,1.52,1.43,1.50,26500,1.50
2012-11-06,1.53,1.55,1.48,1.53,33500,1.53
2012-11-05,1.53,1.59,1.51,1.55,20800,1.55
2012-11-02,1.52,1.62,1.50,1.56,47200,1.56
2012-11-01,1.52,1.55,1.52,1.55,31100,1.55
2012-10-31,1.54,1.60,1.52,1.55,45900,1.55
2012-10-26,1.58,1.58,1.55,1.58,13200,1.58
2012-10-25,1.60,1.60,1.55,1.60,15500,1.60
2012-10-24,1.60,1.62,1.58,1.60,18700,1.60
2012-10-23,1.61,1.66,1.57,1.60,36600,1.60
2012-10-22,1.60,1.76,1.58,1.65,147100,1.65
2012-10-19,1.61,1.64,1.56,1.60,35300,1.60
2012-10-18,1.63,1.68,1.61,1.63,31000,1.63
2012-10-17,1.62,1.65,1.62,1.64,9400,1.64
2012-10-16,1.65,1.65,1.60,1.65,32700,1.65
2012-10-15,1.65,1.69,1.64,1.69,23900,1.69
2012-10-12,1.62,1.65,1.60,1.65,19800,1.65
2012-10-11,1.70,1.75,1.60,1.65,67200,1.65
2012-10-10,1.65,1.70,1.63,1.67,17500,1.67
2012-10-09,1.62,1.69,1.62,1.68,36800,1.68
2012-10-08,1.65,1.65,1.63,1.65,9600,1.65
2012-10-05,1.69,1.69,1.64,1.65,21200,1.65
2012-10-04,1.71,1.71,1.64,1.69,29400,1.69
2012-10-03,1.70,1.74,1.66,1.72,15600,1.72
2012-10-02,1.69,1.74,1.64,1.73,26800,1.73
2012-10-01,1.70,1.70,1.63,1.69,21000,1.69
2012-09-28,1.66,1.74,1.63,1.69,50900,1.69
2012-09-27,1.62,1.69,1.61,1.67,35400,1.67
2012-09-26,1.67,1.70,1.63,1.67,19400,1.67
2012-09-25,1.65,1.70,1.63,1.67,19500,1.67
2012-09-24,1.65,1.67,1.61,1.66,30100,1.66
2012-09-21,1.68,1.70,1.63,1.67,23800,1.67
2012-09-20,1.70,1.70,1.62,1.69,32500,1.69
2012-09-19,1.71,1.74,1.63,1.70,36900,1.70
2012-09-18,1.75,1.78,1.69,1.70,24400,1.70
2012-09-17,1.74,1.79,1.70,1.77,35800,1.77
2012-09-14,1.75,1.87,1.72,1.77,80800,1.77
2012-09-13,1.66,1.73,1.64,1.72,42200,1.72
2012-09-12,1.66,1.73,1.61,1.72,23700,1.72
2012-09-11,1.70,1.77,1.63,1.71,7800,1.71
2012-09-10,1.67,1.77,1.60,1.69,32800,1.69
2012-09-07,1.79,1.79,1.66,1.75,28200,1.75
2012-09-06,1.71,1.82,1.70,1.74,42500,1.74
2012-09-05,1.73,1.76,1.66,1.74,23300,1.74
2012-09-04,1.83,1.83,1.70,1.76,26600,1.76
2012-08-31,1.80,1.80,1.77,1.80,4900,1.80
2012-08-30,1.86,1.86,1.76,1.79,8500,1.79
2012-08-29,1.85,1.85,1.80,1.83,38700,1.83
2012-08-28,1.91,1.91,1.82,1.85,15800,1.85
2012-08-27,1.91,1.92,1.84,1.89,19600,1.89
2012-08-24,1.86,1.91,1.83,1.91,28600,1.91
2012-08-23,1.90,1.90,1.84,1.84,23500,1.84
2012-08-22,1.86,1.95,1.85,1.90,22200,1.90
2012-08-21,1.95,1.95,1.85,1.91,36800,1.91
2012-08-20,1.92,1.96,1.91,1.92,2000,1.92
2012-08-17,1.97,1.97,1.90,1.95,17700,1.95
2012-08-16,1.92,1.98,1.88,1.91,8100,1.91
2012-08-15,1.98,1.99,1.84,1.94,28100,1.94
2012-08-14,1.96,2.00,1.92,2.00,36300,2.00
2012-08-13,2.00,2.00,1.96,2.00,7000,2.00
2012-08-10,1.99,2.00,1.98,2.00,10300,2.00
2012-08-09,1.99,1.99,1.95,1.98,6800,1.98
2012-08-08,1.96,1.99,1.95,1.96,15200,1.96
2012-08-07,2.00,2.01,1.95,2.00,26300,2.00
2012-08-06,1.98,2.01,1.94,2.01,24700,2.01
2012-08-03,1.98,1.98,1.91,1.96,14900,1.96
2012-08-02,1.95,1.99,1.91,1.95,26200,1.95
2012-08-01,1.93,1.99,1.90,1.99,24100,1.99
2012-07-31,1.94,1.98,1.92,1.95,22600,1.95
2012-07-30,1.90,1.98,1.90,1.97,25500,1.97
2012-07-27,1.96,1.97,1.85,1.92,33800,1.92
2012-07-26,1.94,1.99,1.90,1.92,28700,1.92
2012-07-25,1.99,1.99,1.87,1.92,34800,1.92
2012-07-24,1.91,1.99,1.87,1.95,31900,1.95
2012-07-23,1.90,2.00,1.90,1.99,19400,1.99
2012-07-20,1.92,1.98,1.92,1.98,12600,1.98
2012-07-19,1.95,2.01,1.91,1.95,25300,1.95
2012-07-18,1.96,2.00,1.90,1.97,49100,1.97
2012-07-17,2.00,2.03,1.95,2.00,36900,2.00
2012-07-16,2.00,2.05,1.96,2.02,35300,2.02
2012-07-13,2.05,2.05,1.96,2.03,14700,2.03
2012-07-12,2.04,2.05,1.96,2.05,22200,2.05
2012-07-11,1.98,2.04,1.97,2.02,16300,2.02
2012-07-10,2.04,2.07,1.99,2.00,26500,2.00
2012-07-09,2.03,2.08,1.93,2.08,41000,2.08
2012-07-06,2.12,2.12,2.01,2.08,20600,2.08
2012-07-05,2.04,2.33,1.96,2.10,172100,2.10
2012-07-03,2.08,2.11,2.03,2.09,29200,2.09
2012-07-02,1.97,2.08,1.95,2.06,15400,2.06
2012-06-29,2.05,2.05,2.03,2.05,18300,2.05
2012-06-28,2.01,2.04,1.92,2.04,29200,2.04
2012-06-27,2.03,2.05,1.94,2.05,29100,2.05
2012-06-26,2.01,2.04,1.92,2.02,26200,2.02
2012-06-25,2.00,2.04,1.95,2.04,21400,2.04
2012-06-22,1.98,2.04,1.89,2.00,19500,2.00
2012-06-21,2.00,2.04,1.93,1.96,47500,1.96
2012-06-20,2.05,2.05,1.97,2.05,56400,2.05
2012-06-19,1.89,2.10,1.88,2.08,58300,2.08
2012-06-18,1.90,1.97,1.86,1.93,22600,1.93
2012-06-15,1.93,1.93,1.76,1.88,48300,1.88
2012-06-14,1.94,1.99,1.76,1.81,21200,1.81
2012-06-13,2.00,2.00,1.87,1.87,15500,1.87
2012-06-12,2.02,2.02,1.90,2.00,14300,2.00
2012-06-11,1.99,2.04,1.88,2.04,40400,2.04
2012-06-08,2.00,2.00,1.94,1.97,15400,1.97
2012-06-07,2.00,2.00,1.97,2.00,11400,2.00
2012-06-06,2.05,2.05,1.95,2.00,12100,2.00
2012-06-05,2.06,2.07,1.92,2.07,11600,2.07
2012-06-04,2.08,2.08,1.88,2.06,22400,2.06
2012-06-01,2.03,2.12,2.01,2.08,13600,2.08
2012-05-31,1.98,2.14,1.84,2.12,56300,2.12
2012-05-30,2.07,2.08,1.85,1.99,69300,1.99
2012-05-29,2.09,2.10,1.93,1.99,8900,1.99
2012-05-25,2.07,2.07,1.97,2.03,10600,2.03
2012-05-24,1.98,2.16,1.97,2.04,28900,2.04
2012-05-23,2.04,2.14,1.97,2.10,21000,2.10
2012-05-22,1.95,2.06,1.94,2.05,44000,2.05
2012-05-21,1.98,2.00,1.96,2.00,24100,2.00
2012-05-18,1.99,2.06,1.80,1.91,75900,1.91
2012-05-17,2.00,2.07,1.99,2.01,59500,2.01
2012-05-16,2.08,2.08,2.00,2.06,26900,2.06
2012-05-15,1.99,2.04,1.99,2.03,17000,2.03
2012-05-14,2.02,2.04,1.96,2.01,47200,2.01
2012-05-11,2.00,2.04,2.00,2.02,21900,2.02
2012-05-10,2.03,2.08,1.99,2.02,27000,2.02
2012-05-09,2.02,2.03,2.01,2.02,15000,2.02
2012-05-08,2.02,2.05,1.95,2.03,26200,2.03
2012-05-07,1.95,2.04,1.95,2.04,34000,2.04
2012-05-04,2.04,2.04,1.95,1.96,16500,1.96
2012-05-03,2.06,2.09,2.02,2.05,21000,2.05
2012-05-02,2.08,2.09,2.05,2.07,23200,2.07
2012-05-01,2.11,2.11,2.05,2.09,31000,2.09
2012-04-30,2.11,2.14,2.07,2.10,21000,2.10
2012-04-27,2.19,2.19,2.09,2.13,31500,2.13
2012-04-26,2.10,2.17,2.06,2.11,27900,2.11
2012-04-25,2.14,2.21,2.10,2.13,15400,2.13
2012-04-24,2.14,2.26,2.10,2.20,52900,2.20
2012-04-23,2.13,2.17,2.11,2.15,7700,2.15
2012-04-20,2.16,2.19,2.10,2.17,31400,2.17
2012-04-19,2.14,2.21,2.11,2.17,30500,2.17
2012-04-18,2.19,2.20,2.12,2.16,33800,2.16
2012-04-17,2.18,2.25,2.10,2.18,40100,2.18
2012-04-16,2.18,2.20,2.13,2.17,22500,2.17
2012-04-13,2.24,2.26,2.15,2.17,14000,2.17
2012-04-12,2.13,2.30,2.11,2.23,33100,2.23
2012-04-11,2.20,2.32,2.10,2.12,31500,2.12
2012-04-10,2.17,2.30,2.15,2.19,39100,2.19
2012-04-09,2.27,2.27,2.16,2.22,26900,2.22
2012-04-05,2.15,2.46,2.15,2.27,185700,2.27
2012-04-04,2.14,2.34,2.12,2.18,73400,2.18
2012-04-03,2.30,2.30,2.10,2.10,117100,2.10
2012-04-02,2.20,2.34,2.18,2.18,91500,2.18
2012-03-30,2.21,2.30,2.21,2.25,35000,2.25
2012-03-29,2.28,2.45,2.22,2.24,67900,2.24
2012-03-28,2.27,2.45,2.20,2.39,63300,2.39
2012-03-27,2.35,2.35,2.25,2.27,53000,2.27
2012-03-26,2.48,2.54,2.30,2.37,25900,2.37
2012-03-23,2.54,2.56,2.38,2.46,24100,2.46
2012-03-22,2.53,2.57,2.50,2.56,25300,2.56
2012-03-21,2.62,2.63,2.51,2.54,22400,2.54
2012-03-20,2.63,2.70,2.60,2.62,11300,2.62
2012-03-19,2.74,2.74,2.60,2.64,29000,2.64
2012-03-16,2.75,2.75,2.66,2.69,43600,2.69
2012-03-15,2.76,2.81,2.61,2.75,37400,2.75
2012-03-14,2.72,2.83,2.72,2.79,25700,2.79
2012-03-13,2.77,2.82,2.75,2.77,48400,2.77
2012-03-12,2.81,2.81,2.72,2.80,9000,2.80
2012-03-09,2.76,2.82,2.74,2.79,15900,2.79
2012-03-08,2.79,2.81,2.70,2.77,22200,2.77
2012-03-07,2.77,2.83,2.71,2.78,42000,2.78
2012-03-06,2.78,2.85,2.72,2.78,21500,2.78
2012-03-05,2.88,2.91,2.72,2.86,22200,2.86
2012-03-02,2.82,2.92,2.75,2.90,32300,2.90
2012-03-01,2.80,2.92,2.70,2.82,44900,2.82
2012-02-29,2.82,2.95,2.72,2.74,41200,2.74
2012-02-28,2.84,2.92,2.80,2.87,23000,2.87
2012-02-27,2.90,2.97,2.81,2.85,23500,2.85
2012-02-24,2.86,2.96,2.86,2.90,20200,2.90
2012-02-23,2.90,2.97,2.88,2.91,19100,2.91
2012-02-22,2.82,2.93,2.76,2.86,40800,2.86
2012-02-21,2.86,2.97,2.78,2.81,58100,2.81
2012-02-17,2.85,2.96,2.79,2.94,60900,2.94
2012-02-16,2.91,2.95,2.80,2.86,30600,2.86
2012-02-15,2.91,2.93,2.84,2.93,18600,2.93
2012-02-14,2.85,3.00,2.79,2.88,32900,2.88
2012-02-13,2.91,2.96,2.86,2.90,31000,2.90
2012-02-10,2.95,3.04,2.88,2.96,84600,2.96
2012-02-09,3.09,3.19,2.91,3.09,81300,3.09
2012-02-08,3.17,3.25,2.97,3.05,102400,3.05
2012-02-07,3.00,3.24,2.90,3.13,140800,3.13
2012-02-06,2.86,3.00,2.85,3.00,23300,3.00
2012-02-03,2.95,3.07,2.86,2.93,86400,2.93
2012-02-02,2.90,3.04,2.80,2.96,49400,2.96
2012-02-01,2.89,2.97,2.83,2.89,23900,2.89
2012-01-31,3.03,3.03,2.78,2.89,43000,2.89
2012-01-30,2.95,2.97,2.80,2.89,45300,2.89
2012-01-27,3.07,3.14,2.90,2.98,71800,2.98
2012-01-26,3.06,3.12,2.78,3.02,70000,3.02
2012-01-25,3.04,3.13,3.03,3.06,33100,3.06
2012-01-24,3.10,3.18,2.81,3.10,98200,3.10
2012-01-23,2.92,3.18,2.63,3.09,56000,3.09
2012-01-20,2.58,3.08,2.56,2.88,332100,2.88
2012-01-19,2.50,2.64,2.46,2.55,63600,2.55
2012-01-18,2.54,2.61,2.45,2.52,38900,2.52
2012-01-17,2.52,2.65,2.45,2.51,57200,2.51
2012-01-13,2.53,2.55,2.46,2.51,41900,2.51
2012-01-12,2.52,2.55,2.48,2.55,42300,2.55
2012-01-11,2.50,2.55,2.38,2.48,96700,2.48
2012-01-10,2.42,2.51,2.42,2.51,33300,2.51
2012-01-09,2.36,2.50,2.30,2.40,54700,2.40
2012-01-06,2.41,2.43,2.32,2.36,19500,2.36
2012-01-05,2.38,2.54,2.31,2.37,35600,2.37
2012-01-04,2.49,2.49,2.32,2.42,46800,2.42
2012-01-03,2.31,2.47,2.25,2.39,76000,2.39
2011-12-30,2.22,2.37,2.22,2.26,101900,2.26
2011-12-29,2.19,2.22,2.03,2.22,78400,2.22
2011-12-28,2.32,2.32,2.20,2.23,52600,2.23
2011-12-27,2.42,2.50,2.28,2.33,71300,2.33
2011-12-23,2.31,2.60,2.31,2.46,65200,2.46
2011-12-22,2.26,2.37,2.24,2.31,42400,2.31
2011-12-21,2.35,2.39,2.25,2.29,37400,2.29
2011-12-20,2.36,2.40,2.25,2.31,42000,2.31
2011-12-19,2.40,2.42,2.25,2.34,42400,2.34
2011-12-16,2.48,2.51,2.37,2.37,40000,2.37
2011-12-15,2.69,2.70,2.43,2.43,45700,2.43
2011-12-14,2.86,2.86,2.59,2.67,64100,2.67
2011-12-13,3.03,3.04,2.70,2.88,44300,2.88
2011-12-12,3.00,3.00,2.85,2.85,46100,2.85
2011-12-09,3.11,3.21,2.97,3.08,34900,3.08
2011-12-08,3.17,3.24,3.11,3.11,15300,3.11
2011-12-07,3.12,3.29,3.12,3.25,16100,3.25
2011-12-06,3.19,3.24,3.10,3.17,21400,3.17
2011-12-05,3.39,3.39,3.19,3.20,45500,3.20
2011-12-02,3.23,3.34,3.23,3.34,35500,3.34
2011-12-01,3.24,3.33,3.10,3.21,21500,3.21
2011-11-30,3.16,3.38,3.16,3.23,35900,3.23
2011-11-29,3.20,3.20,3.06,3.14,12300,3.14
2011-11-28,3.20,3.20,3.00,3.20,26500,3.20
2011-11-25,3.02,3.15,2.93,3.09,16100,3.09
2011-11-23,3.20,3.22,2.97,3.00,59600,3.00
2011-11-22,3.20,3.25,3.10,3.25,15800,3.25
2011-11-21,3.14,3.19,3.03,3.10,88400,3.10
2011-11-18,3.33,3.38,3.04,3.20,68000,3.20
2011-11-17,3.48,3.50,3.29,3.34,112000,3.34
2011-11-16,3.48,3.63,3.40,3.44,52600,3.44
2011-11-15,3.57,3.70,3.34,3.49,64000,3.49
2011-11-14,3.53,3.81,3.35,3.60,60400,3.60
2011-11-11,3.87,3.87,3.39,3.56,146700,3.56
2011-11-10,3.95,4.08,3.63,3.86,186600,3.86
2011-11-09,3.91,3.95,3.80,3.93,74400,3.93
2011-11-08,3.84,3.96,3.79,3.96,89100,3.96
2011-11-07,3.72,3.85,3.72,3.78,59700,3.78
2011-11-04,3.64,3.74,3.60,3.72,61800,3.72
2011-11-03,3.64,3.80,3.51,3.60,69000,3.60
2011-11-02,3.47,3.68,3.47,3.57,35700,3.57
2011-11-01,3.46,3.73,3.00,3.47,269600,3.47
2011-10-31,3.74,3.78,3.40,3.57,112800,3.57
2011-10-28,2.88,3.80,2.88,3.71,279500,3.71
2011-10-27,2.84,2.97,2.84,2.85,116200,2.85
2011-10-26,2.92,2.93,2.81,2.81,41100,2.81
2011-10-25,2.90,3.00,2.81,2.94,56300,2.94
2011-10-24,2.72,2.96,2.72,2.86,148300,2.86
2011-10-21,2.78,2.95,2.68,2.75,65200,2.75
2011-10-20,2.79,2.80,2.65,2.78,47500,2.78
2011-10-19,2.82,2.82,2.70,2.75,22000,2.75
2011-10-18,2.76,2.83,2.70,2.80,24600,2.80
2011-10-17,2.71,2.78,2.67,2.77,24800,2.77
2011-10-14,2.77,2.84,2.67,2.70,119400,2.70
2011-10-13,2.68,2.76,2.67,2.76,21000,2.76
2011-10-12,2.71,2.78,2.65,2.65,79400,2.65
2011-10-11,2.62,2.71,2.60,2.71,109600,2.71
2011-10-10,2.65,2.71,2.56,2.64,48900,2.64
2011-10-07,2.65,2.71,2.55,2.60,85500,2.60
2011-10-06,2.53,2.68,2.53,2.65,90500,2.65
2011-10-05,2.77,2.77,2.26,2.63,76200,2.63
2011-10-04,2.81,2.82,2.69,2.80,64300,2.80
2011-10-03,3.07,3.07,2.78,2.78,93200,2.78
2011-09-30,2.96,3.25,2.95,3.11,70400,3.11
2011-09-29,3.23,3.23,2.95,3.04,139100,3.04
2011-09-28,3.48,3.50,3.19,3.23,106200,3.23
2011-09-27,3.49,3.60,3.44,3.46,61600,3.46
2011-09-26,3.65,3.68,3.28,3.50,73200,3.50
2011-09-23,3.76,3.85,3.60,3.70,85600,3.70
2011-09-22,3.65,3.89,3.60,3.78,190400,3.78
2011-09-21,3.51,3.84,3.47,3.77,268800,3.77
2011-09-20,3.46,3.84,2.82,3.55,647400,3.55
2011-09-19,3.85,3.92,3.30,3.51,211500,3.51
2011-09-16,4.70,4.77,3.57,3.71,361300,3.71
2011-09-15,4.68,5.08,4.54,4.70,140900,4.70
2011-09-14,4.50,4.59,4.25,4.50,136700,4.50
2011-09-13,4.12,4.48,4.10,4.48,165600,4.48
2011-09-12,3.95,4.17,3.83,4.05,70000,4.05
2011-09-09,4.00,4.05,3.95,3.95,47300,3.95
2011-09-08,3.80,4.05,3.79,4.01,52200,4.01
2011-09-07,3.84,3.95,3.72,3.83,35900,3.83
2011-09-06,3.68,3.82,3.61,3.80,40700,3.80
2011-09-02,3.83,3.89,3.75,3.76,31000,3.76
2011-09-01,3.78,3.95,3.78,3.88,23200,3.88
2011-08-31,3.84,3.89,3.76,3.81,29500,3.81
2011-08-30,3.70,3.90,3.66,3.74,41700,3.74
2011-08-29,3.75,3.82,3.63,3.74,90800,3.74
2011-08-26,3.69,3.80,3.62,3.70,32300,3.70
2011-08-25,3.77,3.80,3.62,3.78,52400,3.78
2011-08-24,3.87,3.90,3.72,3.76,49600,3.76
2011-08-23,3.82,3.88,3.68,3.88,60400,3.88
2011-08-22,3.90,3.90,3.74,3.84,41600,3.84
2011-08-19,3.65,3.95,3.65,3.80,55500,3.80
2011-08-18,3.67,3.90,3.63,3.72,51500,3.72
2011-08-17,3.92,3.96,3.79,3.81,19200,3.81
2011-08-16,3.90,4.05,3.70,3.90,116200,3.90
2011-08-15,3.90,4.09,3.83,3.97,56700,3.97
2011-08-12,3.99,4.13,3.94,3.96,41600,3.96
2011-08-11,4.39,4.39,3.94,4.04,93500,4.04
2011-08-10,4.14,4.28,4.00,4.12,118500,4.12
2011-08-09,4.20,4.40,4.05,4.25,125800,4.25
2011-08-08,3.95,4.44,3.29,3.95,431000,3.95
2011-08-05,4.42,4.42,4.01,4.17,110900,4.17
2011-08-04,4.58,4.60,4.00,4.42,175300,4.42
2011-08-03,4.69,4.85,4.60,4.61,195600,4.61
2011-08-02,4.76,4.80,4.55,4.71,55000,4.71
2011-08-01,4.71,4.84,4.65,4.75,56000,4.75
2011-07-29,4.59,4.78,4.58,4.67,33700,4.67
2011-07-28,4.71,4.82,4.63,4.64,48700,4.64
2011-07-27,4.81,4.89,4.69,4.74,82200,4.74
2011-07-26,4.88,4.88,4.70,4.81,94800,4.81
2011-07-25,4.84,4.88,4.72,4.82,25100,4.82
2011-07-22,4.92,4.98,4.71,4.84,170800,4.84
2011-07-21,4.98,5.14,4.90,5.00,104000,5.00
2011-07-20,5.15,5.22,4.95,5.08,79900,5.08
2011-07-19,4.95,5.25,4.95,5.09,68900,5.09
2011-07-18,5.09,5.09,4.83,4.90,94600,4.90
2011-07-15,5.40,5.47,5.05,5.10,105500,5.10
2011-07-14,5.00,5.54,5.00,5.17,247700,5.17
2011-07-13,4.90,4.97,4.80,4.90,57000,4.90
2011-07-12,4.99,5.00,4.74,4.77,26100,4.77
2011-07-11,5.05,5.05,4.65,4.88,101400,4.88
2011-07-08,5.24,5.24,4.95,4.95,82900,4.95
2011-07-07,5.14,5.27,5.08,5.19,118000,5.19
2011-07-06,4.90,5.37,4.90,5.09,292300,5.09
2011-07-05,4.69,4.98,4.62,4.95,84500,4.95
2011-07-01,4.63,4.84,4.63,4.78,112900,4.78
2011-06-30,4.64,4.69,4.55,4.56,60000,4.56
2011-06-29,4.73,4.73,4.60,4.66,54000,4.66
2011-06-28,4.78,4.79,4.59,4.65,79300,4.65
2011-06-27,4.75,4.88,4.66,4.71,95200,4.71
2011-06-24,4.86,4.94,4.67,4.79,100000,4.79
2011-06-23,4.77,4.88,4.59,4.79,140500,4.79
2011-06-22,4.73,4.90,4.73,4.78,130000,4.78
2011-06-21,4.85,4.95,4.73,4.82,106400,4.82
2011-06-20,4.95,4.99,4.79,4.82,102800,4.82
2011-06-17,4.94,5.00,4.70,4.86,226300,4.86
2011-06-16,4.79,4.91,4.63,4.79,87400,4.79
2011-06-15,4.71,5.20,4.70,4.81,247400,4.81
2011-06-14,4.71,5.00,4.65,4.76,115100,4.76
2011-06-13,4.89,5.13,4.56,4.69,146900,4.69
2011-06-10,4.52,4.99,4.50,4.89,260400,4.89
2011-06-09,4.62,4.73,4.52,4.54,118100,4.54
2011-06-08,5.00,5.15,4.61,4.69,190500,4.69
2011-06-07,5.34,5.38,4.82,5.02,231500,5.02
2011-06-06,5.62,5.68,5.29,5.33,115500,5.33
2011-06-03,5.87,5.88,5.66,5.70,124000,5.70
2011-06-02,5.84,6.08,5.77,5.97,175400,5.97
2011-06-01,6.08,6.09,5.82,5.85,93000,5.85
2011-05-31,6.00,6.25,5.89,6.02,147100,6.02
2011-05-27,6.00,6.03,5.86,5.93,90000,5.93
2011-05-26,6.02,6.03,5.86,5.94,95800,5.94
2011-05-25,6.24,6.24,5.96,6.05,146300,6.05
2011-05-24,6.30,6.38,6.04,6.22,128500,6.22
2011-05-23,5.88,6.25,5.80,6.14,165200,6.14
2011-05-20,6.03,6.23,5.85,6.11,247000,6.11
2011-05-19,6.27,6.30,6.00,6.03,168600,6.03
2011-05-18,6.28,6.42,6.04,6.28,186100,6.28
2011-05-17,6.74,6.74,6.04,6.30,179400,6.30
2011-05-16,6.18,7.10,5.82,6.29,462300,6.29
2011-05-13,5.86,6.15,5.84,6.02,137000,6.02
2011-05-12,6.03,6.03,5.76,5.84,170500,5.84
2011-05-11,6.32,6.32,6.08,6.14,107400,6.14
2011-05-10,6.32,6.44,6.15,6.32,174900,6.32
2011-05-09,6.45,6.59,6.31,6.32,95000,6.32
2011-05-06,6.80,6.98,6.41,6.45,286000,6.45
2011-05-05,6.59,6.86,6.52,6.65,170900,6.65
2011-05-04,6.90,7.10,6.52,6.70,388800,6.70
2011-05-03,7.55,7.55,6.77,6.88,729800,6.88
2011-05-02,6.84,8.04,6.61,7.52,1852300,7.52
2011-04-29,6.42,6.56,6.36,6.40,94000,6.40
2011-04-28,6.55,6.59,6.34,6.37,155000,6.37
2011-04-27,6.55,6.72,6.35,6.58,122000,6.58
2011-04-26,7.03,7.03,6.50,6.58,241300,6.58
2011-04-25,7.09,7.15,6.58,6.88,245100,6.88
2011-04-21,6.44,7.07,6.16,6.98,389700,6.98
2011-04-20,6.73,6.82,6.38,6.41,246900,6.41
2011-04-19,7.06,7.26,6.64,6.66,290600,6.66
2011-04-18,7.20,7.50,6.55,6.87,692800,6.87
2011-04-15,6.23,7.00,6.05,6.96,1008400,6.96
2011-04-14,5.25,6.24,5.22,6.23,627100,6.23
2011-04-13,5.55,5.80,5.34,5.36,370600,5.36
2011-04-12,5.71,5.78,5.54,5.60,367500,5.60
2011-04-11,5.90,5.99,5.65,5.79,658500,5.79
2011-04-08,6.18,6.75,5.75,6.02,1881400,6.02
2011-04-07,7.82,7.98,7.55,7.66,213800,7.66
2011-04-06,8.13,8.25,7.42,7.79,443100,7.79
2011-04-05,8.55,8.55,8.00,8.14,291400,8.14
2011-04-04,9.00,9.19,8.31,8.48,331800,8.48
2011-04-01,8.23,8.92,8.23,8.89,348200,8.89
2011-03-31,9.12,9.28,8.15,8.21,604300,8.21
2011-03-30,9.20,9.44,9.12,9.12,245700,9.12
2011-03-29,9.75,9.81,9.00,9.12,417600,9.12
2011-03-28,9.77,9.99,9.68,9.77,157200,9.77
2011-03-25,10.00,10.00,9.72,9.84,162300,9.84
2011-03-24,10.34,10.34,9.75,9.96,252900,9.96
2011-03-23,10.44,10.44,10.00,10.10,154800,10.10
2011-03-22,10.41,10.50,10.19,10.44,123900,10.44
2011-03-21,10.32,10.55,10.05,10.36,169200,10.36
2011-03-18,10.50,10.59,10.16,10.32,199400,10.32
2011-03-17,10.63,10.75,10.21,10.24,156700,10.24
2011-03-16,10.10,10.60,10.04,10.32,255400,10.32
2011-03-15,10.04,10.14,9.65,10.04,273100,10.04
2011-03-14,10.43,10.82,10.00,10.27,171300,10.27
2011-03-11,10.45,10.58,10.25,10.46,144500,10.46
2011-03-10,10.75,10.84,10.47,10.50,201300,10.50
2011-03-09,11.11,11.15,10.81,10.98,155200,10.98
2011-03-08,11.20,11.44,11.00,11.05,213300,11.05
2011-03-07,11.50,11.97,11.00,11.16,422300,11.16
2011-03-04,10.85,11.20,10.71,11.19,403600,11.19
2011-03-03,9.98,10.55,9.98,10.50,193600,10.50
2011-03-02,10.25,10.45,9.88,9.93,187700,9.93
2011-03-01,10.50,10.70,10.28,10.34,132900,10.34
2011-02-28,10.99,11.14,10.31,10.42,223800,10.42
2011-02-25,10.75,10.77,10.32,10.74,302100,10.74
2011-02-24,9.73,10.17,9.68,10.02,217000,10.02
2011-02-23,10.46,10.46,9.55,9.85,473000,9.85
2011-02-22,11.01,11.25,10.40,10.49,418500,10.49
2011-02-18,10.50,11.48,10.50,11.32,368100,11.32
2011-02-17,10.59,10.79,10.32,10.42,300300,10.42
2011-02-16,11.02,11.03,10.51,10.91,210500,10.91
2011-02-15,11.51,11.51,10.02,11.01,612100,11.01
2011-02-14,11.60,11.67,11.23,11.40,174100,11.40
2011-02-11,11.53,11.90,11.21,11.39,114300,11.39
2011-02-10,11.63,11.63,11.21,11.29,150800,11.29
2011-02-09,11.06,11.72,11.02,11.63,205700,11.63
2011-02-08,11.62,11.80,11.12,11.23,308400,11.23
2011-02-07,11.94,11.98,11.72,11.72,111100,11.72
2011-02-04,12.29,12.29,11.71,11.83,215100,11.83
2011-02-03,12.76,12.76,12.02,12.12,264400,12.12
2011-02-02,12.09,12.85,12.00,12.67,530000,12.67
2011-02-01,11.50,12.25,11.42,12.06,414000,12.06
2011-01-31,11.66,11.90,11.38,11.42,233700,11.42
2011-01-28,12.00,12.29,11.40,11.62,335700,11.62
2011-01-27,12.22,12.45,12.02,12.08,157600,12.08
2011-01-26,11.93,12.36,11.60,12.22,302100,12.22
2011-01-25,12.22,12.24,11.40,11.76,403300,11.76
2011-01-24,11.79,12.33,11.78,12.18,261500,12.18
2011-01-21,12.42,12.55,11.78,11.85,394900,11.85
2011-01-20,12.60,12.70,11.63,12.18,618500,12.18
2011-01-19,13.47,13.65,12.48,12.60,868100,12.60
2011-01-18,13.33,14.15,13.15,13.47,1070600,13.47
2011-01-14,13.90,13.90,12.90,13.05,733400,13.05
2011-01-13,13.44,14.37,13.26,13.74,1178700,13.74
2011-01-12,13.77,13.80,13.25,13.52,527600,13.52
2011-01-11,13.30,14.17,12.75,13.34,1832100,13.34
2011-01-10,13.85,13.88,12.92,13.23,812000,13.23
2011-01-07,13.43,13.95,12.33,13.88,1593400,13.88
2011-01-06,13.55,13.75,12.90,13.11,1325100,13.11
2011-01-05,11.32,12.99,11.30,12.89,1616400,12.89
2011-01-04,11.63,11.85,11.21,11.46,598300,11.46
2011-01-03,12.49,12.84,11.27,11.70,1254000,11.70
2010-12-31,10.28,12.98,10.14,11.97,3176100,11.97
2010-12-30,9.78,10.35,9.65,10.27,650700,10.27
2010-12-29,8.95,9.94,8.95,9.54,284300,9.54
2010-12-28,9.05,9.10,8.96,8.96,200600,8.96
2010-12-27,9.35,9.35,9.05,9.06,88500,9.06
2010-12-23,9.32,9.32,9.07,9.24,143300,9.24
2010-12-22,9.49,9.60,9.28,9.37,108000,9.37
2010-12-21,9.60,9.76,9.31,9.48,105300,9.48
2010-12-20,9.25,9.80,9.25,9.59,175900,9.59
2010-12-17,9.07,9.37,9.05,9.26,127000,9.26
2010-12-16,9.17,9.32,9.03,9.12,158100,9.12
2010-12-15,9.38,9.38,9.06,9.21,178700,9.21
2010-12-14,9.95,9.98,9.42,9.45,215300,9.45
2010-12-13,9.69,9.98,9.60,9.88,249900,9.88
2010-12-10,9.86,9.86,9.11,9.26,335300,9.26
2010-12-09,9.70,9.84,9.67,9.82,152500,9.82
2010-12-08,10.00,10.37,9.51,9.59,434200,9.59
2010-12-07,10.79,10.80,9.90,10.19,676500,10.19
2010-12-06,10.32,10.69,10.13,10.28,1221200,10.28
2010-12-03,9.03,10.30,8.85,9.80,1528500,9.80
2010-12-02,8.43,9.10,8.40,8.98,587600,8.98
2010-12-01,8.35,8.47,8.25,8.37,141500,8.37
2010-11-30,8.12,8.47,8.10,8.26,294000,8.26
2010-11-29,8.51,8.79,8.11,8.26,219700,8.26
2010-11-26,8.66,8.76,8.51,8.54,58200,8.54
2010-11-24,8.78,9.00,8.51,8.69,155400,8.69
2010-11-23,9.00,9.00,8.55,8.69,142800,8.69
2010-11-22,8.75,9.33,8.55,9.00,369100,9.00
2010-11-19,8.35,8.90,8.32,8.58,261000,8.58
2010-11-18,8.40,8.80,8.25,8.32,201500,8.32
2010-11-17,8.51,8.84,8.20,8.25,161500,8.25
2010-11-16,8.88,9.50,8.22,8.56,551900,8.56
2010-11-15,9.34,9.67,8.88,8.88,249200,8.88
2010-11-12,10.10,10.12,9.20,9.34,521800,9.34
2010-11-11,9.92,10.70,9.60,10.29,679600,10.29
2010-11-10,9.50,9.98,9.00,9.90,380200,9.90
2010-11-09,10.20,10.55,9.38,9.51,629600,9.51
2010-11-08,8.68,10.20,8.68,10.14,1398500,10.14
2010-11-05,8.02,8.68,7.97,8.55,302300,8.55
2010-11-04,7.91,8.12,7.87,8.05,104700,8.05
2010-11-03,7.93,7.95,7.75,7.84,90600,7.84
2010-11-02,7.94,7.95,7.85,7.88,77400,7.88
2010-11-01,8.09,8.11,7.88,7.95,57000,7.95
2010-10-29,8.22,8.22,8.00,8.08,49400,8.08
2010-10-28,7.92,8.34,7.92,8.15,103800,8.15
2010-10-27,8.06,8.16,7.90,7.92,100400,7.92
2010-10-26,8.05,8.10,7.81,8.01,97800,8.01
2010-10-25,8.05,8.29,8.00,8.06,74100,8.06
2010-10-22,8.27,8.30,8.00,8.10,105400,8.10
2010-10-21,8.42,8.58,8.29,8.31,41100,8.31
2010-10-20,8.29,8.46,8.25,8.32,122500,8.32
2010-10-19,8.55,8.72,8.16,8.28,122600,8.28
2010-10-18,8.47,8.74,8.26,8.58,110100,8.58
2010-10-15,8.50,8.65,8.35,8.38,109500,8.38
2010-10-14,8.31,8.51,8.11,8.48,105800,8.48
2010-10-13,8.75,8.75,8.10,8.35,239800,8.35
2010-10-12,8.70,8.78,8.48,8.65,136700,8.65
2010-10-11,8.34,8.70,8.33,8.55,176600,8.55
2010-10-08,8.19,8.49,8.08,8.34,171000,8.34
2010-10-07,8.22,8.23,8.03,8.06,139000,8.06
2010-10-06,8.15,8.26,8.02,8.09,151900,8.09
2010-10-05,8.43,8.51,8.09,8.20,181200,8.20
2010-10-04,9.27,9.35,7.86,8.28,703000,8.28
2010-10-01,8.40,9.45,8.35,9.29,793300,9.29
2010-09-30,8.39,8.39,8.05,8.23,92700,8.23
2010-09-29,8.48,8.50,8.17,8.29,201800,8.29
2010-09-28,8.39,8.49,8.20,8.38,79800,8.38
2010-09-27,8.27,8.49,8.10,8.39,171500,8.39
2010-09-24,8.17,8.44,8.10,8.15,511300,8.15
2010-09-23,7.52,8.61,7.52,8.10,710000,8.10
2010-09-22,7.31,7.52,7.30,7.45,196500,7.45
2010-09-21,7.71,7.98,7.36,7.42,595300,7.42
2010-09-20,7.95,8.17,7.72,7.79,323700,7.79
2010-09-17,8.00,8.29,7.89,8.01,200300,8.01
2010-09-16,8.49,8.49,7.86,8.00,440900,8.00
2010-09-15,8.50,8.75,8.25,8.62,498100,8.62
2010-09-14,8.40,8.50,7.71,8.48,901700,8.48
2010-09-13,7.90,8.94,7.62,8.55,3118500,8.55
2010-09-10,11.29,11.55,10.07,10.26,690200,10.26
2010-09-09,13.35,13.35,11.10,11.29,534800,11.29
2010-09-08,13.10,13.58,13.10,13.55,227700,13.55
2010-09-07,15.20,15.24,13.39,13.40,305000,13.40
2010-09-03,15.00,15.26,14.40,15.08,259000,15.08
2010-09-02,14.95,15.06,14.66,14.82,127100,14.82
2010-09-01,14.70,15.16,14.01,14.87,175400,14.87
2010-08-31,15.16,15.16,14.25,14.59,162400,14.59
2010-08-30,14.92,15.25,14.50,14.90,137900,14.90
2010-08-27,14.70,14.99,14.15,14.62,260700,14.62
2010-08-26,14.35,14.49,13.00,13.73,471100,13.73
2010-08-25,14.46,14.70,14.00,14.38,323600,14.38
2010-08-24,14.77,15.28,14.21,14.89,288500,14.89
2010-08-23,15.80,16.00,14.57,15.08,961200,15.08
2010-08-20,11.31,12.99,10.61,12.33,286200,12.33
2010-08-19,11.60,11.60,10.01,10.80,173800,10.80
2010-08-18,15.79,16.20,11.34,11.62,377900,11.62
2010-08-17,16.99,16.99,15.70,15.98,75000,15.98
2010-08-16,16.60,16.93,16.60,16.75,57400,16.75
2010-08-13,17.33,17.33,16.60,16.68,69000,16.68
2010-08-12,17.49,18.46,16.52,16.81,46600,16.81
2010-08-11,17.07,17.07,16.13,16.42,41900,16.42
2010-08-10,17.00,17.00,16.12,16.70,96100,16.70
2010-08-09,16.85,17.12,16.66,17.10,129000,17.10
2010-08-06,16.65,17.00,16.17,16.55,97300,16.55
2010-08-05,16.41,17.24,16.25,17.10,61000,17.10
2010-08-04,17.06,17.42,16.19,16.63,26400,16.63
2010-08-03,17.92,17.92,16.41,16.82,50200,16.82
2010-08-02,16.60,16.83,15.99,16.64,168400,16.64
2010-07-30,14.89,17.27,14.57,15.99,220500,15.99
2010-07-29,14.21,14.71,14.00,14.59,42300,14.59
2010-07-28,14.39,14.39,13.78,14.00,32500,14.00
2010-07-27,14.54,14.54,13.75,14.18,22800,14.18
2010-07-26,14.75,14.80,14.19,14.44,27900,14.44
2010-07-23,13.80,14.57,13.72,14.55,104900,14.55
2010-07-22,13.96,13.96,13.02,13.64,99200,13.64
2010-07-21,13.05,13.05,12.50,12.87,15700,12.87
2010-07-20,12.70,13.20,12.70,12.98,35000,12.98
2010-07-19,13.15,13.88,12.72,13.10,35700,13.10
2010-07-16,13.49,13.56,13.15,13.28,56500,13.28
2010-07-15,13.68,13.72,13.10,13.43,65200,13.43
2010-07-14,13.87,14.26,13.16,13.54,72600,13.54
2010-07-13,14.73,14.75,13.30,13.69,30700,13.69
2010-07-12,14.25,14.56,13.33,13.75,19600,13.75
2010-07-09,13.97,14.25,13.53,14.08,30600,14.08
2010-07-08,14.89,14.89,13.07,13.75,95600,13.75
2010-07-07,13.10,13.10,12.40,12.97,59200,12.97
2010-07-06,12.00,13.24,12.00,12.96,67200,12.96
2010-07-02,11.83,12.05,11.77,12.00,19000,12.00
2010-07-01,12.10,12.10,11.70,11.81,22500,11.81
2010-06-30,12.15,12.40,11.88,12.30,44500,12.30
2010-06-29,12.48,12.48,11.74,11.91,32100,11.91
2010-06-28,12.50,12.83,12.08,12.60,56400,12.60
2010-06-25,12.37,12.58,12.13,12.41,31600,12.41
2010-06-24,12.30,12.75,12.06,12.37,37600,12.37
2010-06-23,12.26,13.67,12.08,12.28,21900,12.28
2010-06-22,13.27,13.27,12.09,12.48,56700,12.48
2010-06-21,14.88,14.88,12.50,13.00,55400,13.00
2010-06-18,13.75,13.75,13.23,13.72,27400,13.72
2010-06-17,14.01,14.05,13.38,13.64,36000,13.64
2010-06-16,14.12,14.24,13.04,13.72,50200,13.72
2010-06-15,12.85,14.19,12.38,13.98,86500,13.98
2010-06-14,13.50,13.65,12.26,12.63,72400,12.63
2010-06-11,13.65,13.65,13.26,13.58,18900,13.58
2010-06-10,13.51,13.80,13.26,13.51,19100,13.51
2010-06-09,13.52,13.85,13.52,13.57,32400,13.57
2010-06-08,14.19,14.24,13.51,13.63,34300,13.63
2010-06-07,14.07,14.72,13.79,14.11,54600,14.11
2010-06-04,13.51,14.90,13.51,13.98,32700,13.98
2010-06-03,14.56,14.57,13.89,14.05,23000,14.05
2010-06-02,14.21,14.48,14.00,14.35,16200,14.35
2010-06-01,14.68,15.35,14.00,14.06,49000,14.06
2010-05-28,13.99,15.26,13.40,14.63,75100,14.63
2010-05-27,13.09,14.15,12.67,13.66,79700,13.66
2010-05-26,11.96,12.58,11.94,12.20,27300,12.20
2010-05-25,11.47,12.00,11.24,11.77,21900,11.77
2010-05-24,12.25,12.25,11.75,11.75,19100,11.75
2010-05-21,11.47,12.65,11.22,11.96,38200,11.96
2010-05-20,12.75,12.75,11.47,11.97,36200,11.97
2010-05-19,12.62,12.79,12.25,12.70,22700,12.70
2010-05-18,13.44,14.40,12.24,12.54,83200,12.54
2010-05-17,13.19,13.25,12.20,12.94,30000,12.94
2010-05-14,14.12,14.61,12.51,13.17,57400,13.17
2010-05-13,16.11,16.45,14.20,14.65,87300,14.65
2010-05-12,17.67,17.68,15.07,15.77,55800,15.77
2010-05-11,16.68,16.78,15.86,16.04,25900,16.04
2010-05-10,16.67,17.50,16.59,16.68,38300,16.68
2010-05-07,17.50,19.10,16.27,16.49,51600,16.49
2010-05-06,20.50,20.50,17.00,17.74,39800,17.74
2010-05-05,20.91,21.18,19.76,20.27,19200,20.27
2010-05-04,21.80,21.80,20.23,20.70,53600,20.70
2010-05-03,22.87,22.87,21.79,21.86,34900,21.86
2010-04-30,23.18,23.18,22.45,22.70,20900,22.70
2010-04-29,23.10,23.23,22.63,22.86,59400,22.86
2010-04-28,23.50,23.50,22.58,22.91,40300,22.91
2010-04-27,23.69,23.69,22.80,22.91,33800,22.91
2010-04-26,23.74,23.74,23.05,23.27,42200,23.27
2010-04-23,23.03,23.69,22.87,23.34,57000,23.34
2010-04-22,23.30,23.30,22.50,22.89,26500,22.89
2010-04-21,23.07,23.54,22.81,23.16,72700,23.16
2010-04-20,22.20,23.70,22.14,22.89,49400,22.89
2010-04-19,23.86,23.86,21.79,22.22,47700,22.22
2010-04-16,22.68,23.87,22.68,23.47,67800,23.47
2010-04-15,23.00,24.03,22.70,22.97,81800,22.97
2010-04-14,25.26,25.96,22.60,23.19,121700,23.19
2010-04-13,25.93,26.62,25.01,25.24,43900,25.24
2010-04-12,27.01,27.20,25.62,25.96,41600,25.96
2010-04-09,26.55,27.15,25.54,26.30,30000,26.30
2010-04-08,28.69,28.83,25.93,26.06,92900,26.06
2010-04-07,29.10,31.61,27.55,28.13,69100,28.13
2010-04-06,27.55,30.75,27.30,28.73,73800,28.73
2010-04-05,26.74,28.59,25.17,26.83,42200,26.83
2010-04-01,30.01,30.90,27.08,27.35,54600,27.35
2010-03-31,32.05,32.60,30.51,30.90,17900,30.90
2010-03-30,33.25,33.50,31.50,31.70,27800,31.70
2010-03-29,31.50,33.50,31.35,33.49,59600,33.49
2010-03-26,33.25,33.25,30.75,31.05,20700,31.05
2010-03-25,33.45,33.45,31.77,31.82,8900,31.82
2010-03-24,33.45,33.45,31.69,32.10,42500,32.10
2010-03-23,36.24,36.24,33.00,33.54,54600,33.54
2010-03-22,34.05,37.35,34.05,35.75,70700,35.75
2010-03-19,34.12,35.49,33.72,34.05,38500,34.05
2010-03-18,34.43,35.40,33.05,33.63,29700,33.63
2010-03-17,37.46,37.50,34.00,34.73,64500,34.73
2010-03-16,37.33,39.24,34.55,36.07,173200,36.07
2010-03-15,32.40,36.50,30.52,35.85,123400,35.85
2010-03-12,30.50,32.45,29.11,32.40,149400,32.40
2010-03-11,32.51,36.41,31.09,31.75,166200,31.75
2010-03-10,37.95,38.00,33.65,34.09,122100,34.09
2010-03-09,35.15,40.00,34.11,38.08,142400,38.08
2010-03-08,44.94,44.94,35.43,38.01,257800,38.01
2010-03-05,45.49,53.70,43.00,46.50,485000,46.50
2010-03-04,32.89,46.32,30.40,41.87,244400,41.87
2010-03-03,26.73,31.90,26.65,30.23,114800,30.23
2010-03-02,23.70,25.98,23.70,25.41,61200,25.41
2010-03-01,18.65,22.57,18.56,22.52,75100,22.52
2010-02-26,19.00,21.00,18.26,19.48,50400,19.48
2010-02-25,16.51,18.62,16.25,17.38,18700,17.38
2010-02-24,16.97,17.99,16.31,17.54,22600,17.54
2010-02-23,20.03,20.03,15.62,16.34,64500,16.34
2010-02-22,16.75,20.33,16.75,19.25,175500,19.25
2010-02-19,9.45,17.96,9.45,14.40,174200,14.40
2010-02-18,7.25,9.45,7.25,8.80,20600,8.80
2010-02-17,6.25,6.25,6.25,6.25,1900,6.25
2010-02-16,6.79,6.79,6.00,6.45,10200,6.45
2010-02-12,5.84,6.80,5.75,6.80,18800,6.80
2010-02-11,4.50,6.00,4.50,5.55,37700,5.55
2010-02-10,4.00,4.50,4.00,4.50,4500,4.50
2010-02-09,5.38,5.38,3.50,3.50,26500,3.50
2010-02-08,6.10,11.00,5.00,5.38,8200,5.38
2010-02-05,1.20,1.40,1.20,1.30,18700,26.00
2010-02-04,1.08,1.20,1.08,1.18,3000,23.60
2010-02-03,1.14,1.20,1.10,1.12,2200,22.40
2010-02-02,1.05,1.12,1.04,1.10,1300,22.00
2010-02-01,1.11,1.11,1.02,1.10,900,22.00
2010-01-29,1.10,1.15,1.10,1.12,1300,22.40
2010-01-28,1.13,1.18,1.10,1.10,1700,22.00
2010-01-27,1.13,1.19,1.08,1.15,1400,23.00
2010-01-26,1.00,1.25,0.87,1.16,23000,23.20
2010-01-25,0.71,0.75,0.71,0.71,200,14.20
2010-01-22,0.78,0.78,0.71,0.71,500,14.20
2010-01-21,0.74,0.74,0.74,0.74,000,14.80
2010-01-20,0.75,0.83,0.73,0.74,1100,14.80
2010-01-19,0.78,0.78,0.71,0.72,500,14.40
2010-01-15,0.77,0.78,0.77,0.78,300,15.60
2010-01-14,0.76,0.80,0.76,0.78,100,15.60
2010-01-13,0.71,0.76,0.71,0.75,200,15.00
2010-01-12,0.72,0.72,0.71,0.71,100,14.20
2010-01-11,0.73,0.76,0.72,0.72,500,14.40
2010-01-08,0.74,0.75,0.74,0.74,300,14.80
2010-01-07,0.73,0.74,0.72,0.74,1600,14.80
2010-01-06,0.74,0.80,0.72,0.72,1700,14.40
2010-01-05,0.76,0.76,0.72,0.75,300,15.00
2010-01-04,0.74,0.77,0.73,0.75,1200,15.00
2009-12-31,0.73,0.80,0.73,0.73,6100,14.60
2009-12-30,0.77,0.83,0.77,0.83,2900,16.60
2009-12-29,0.76,0.84,0.76,0.79,1400,15.80
2009-12-28,0.76,0.90,0.67,0.78,9900,15.60
2009-12-24,0.94,1.01,0.84,0.88,6900,17.60
2009-12-23,0.93,1.23,0.91,0.96,22900,19.20
2009-12-22,0.55,1.53,0.55,0.88,42100,17.60
2009-12-21,0.44,0.45,0.44,0.45,500,9.00
2009-12-18,0.44,0.44,0.43,0.43,300,8.60
2009-12-17,0.42,0.43,0.42,0.42,400,8.40
2009-12-16,0.45,0.45,0.42,0.42,700,8.40
2009-12-15,0.45,0.45,0.42,0.45,900,9.00
2009-12-14,0.45,0.45,0.43,0.44,800,8.80
2009-12-11,0.48,0.48,0.48,0.48,100,9.60
2009-12-10,0.51,0.52,0.49,0.49,600,9.80
2009-12-09,0.51,0.52,0.51,0.51,300,10.20
2009-12-08,0.52,0.52,0.52,0.52,000,10.40
2009-12-07,0.52,0.52,0.51,0.52,000,10.40
2009-12-04,0.51,0.51,0.51,0.51,100,10.20
2009-12-03,0.51,0.51,0.51,0.51,000,10.20
2009-12-02,0.52,0.52,0.51,0.51,900,10.20
2009-12-01,0.55,0.55,0.53,0.53,400,10.60
2009-11-30,0.55,0.55,0.53,0.55,100,11.00
2009-11-27,0.52,0.52,0.51,0.51,000,10.20
2009-11-25,0.52,0.53,0.51,0.51,200,10.20
2009-11-24,0.51,0.52,0.51,0.51,1400,10.20
2009-11-23,0.53,0.53,0.52,0.52,1000,10.40
2009-11-20,0.52,0.54,0.52,0.52,200,10.40
2009-11-19,0.52,0.54,0.51,0.54,000,10.80
2009-11-18,0.55,0.56,0.51,0.52,900,10.40
2009-11-17,0.57,0.59,0.56,0.58,500,11.60
2009-11-16,0.53,0.57,0.51,0.57,400,11.40
2009-11-13,0.51,0.51,0.51,0.51,100,10.20
2009-11-12,0.52,0.52,0.51,0.51,100,10.20
2009-11-11,0.52,0.52,0.51,0.51,500,10.20
2009-11-10,0.51,0.52,0.51,0.52,000,10.40
2009-11-09,0.53,0.53,0.53,0.53,000,10.60
2009-11-06,0.52,0.52,0.52,0.52,000,10.40
2009-11-05,0.52,0.54,0.52,0.54,000,10.80
2009-11-04,0.51,0.52,0.51,0.52,300,10.40
2009-11-03,0.52,0.52,0.51,0.51,300,10.20
2009-11-02,0.51,0.52,0.51,0.52,200,10.40
2009-10-30,0.53,0.53,0.52,0.52,300,10.40
2009-10-29,0.54,0.56,0.54,0.54,100,10.80
2009-10-28,0.61,0.83,0.52,0.52,700,10.40
2009-10-27,0.58,0.58,0.52,0.52,1500,10.40
2009-10-26,0.58,0.58,0.56,0.56,100,11.20
2009-10-23,0.60,0.61,0.60,0.60,1700,12.00
2009-10-22,0.61,0.69,0.55,0.65,1500,13.00
2009-10-21,0.58,0.65,0.58,0.61,1800,12.20
2009-10-20,0.70,0.72,0.52,0.59,8500,11.80
2009-10-19,0.58,0.95,0.55,0.71,6700,14.20
2009-10-16,0.56,0.64,0.55,0.55,2600,11.00
2009-10-15,0.52,0.56,0.52,0.56,100,11.20
2009-10-14,0.51,0.54,0.51,0.54,300,10.80
2009-10-13,0.52,0.52,0.51,0.51,100,10.20
2009-10-12,0.52,0.52,0.51,0.51,200,10.20
2009-10-09,0.54,0.54,0.52,0.52,500,10.40
2009-10-08,0.55,0.55,0.54,0.54,100,10.80
2009-10-07,0.54,0.58,0.53,0.58,600,11.60
2009-10-06,0.51,0.53,0.51,0.51,100,10.20
2009-10-05,0.51,0.53,0.51,0.53,000,10.60
2009-10-02,0.51,0.53,0.51,0.52,000,10.40
2009-10-01,0.51,0.52,0.51,0.51,1200,10.20
2009-09-30,0.53,0.53,0.51,0.52,600,10.40
2009-09-29,0.43,0.54,0.43,0.53,3200,10.60
2009-09-28,0.53,0.53,0.51,0.51,000,10.20
2009-09-25,0.51,0.52,0.51,0.51,1200,10.20
2009-09-24,0.51,0.52,0.51,0.51,500,10.20
2009-09-23,0.53,0.55,0.51,0.51,100,10.20
2009-09-22,0.52,0.52,0.51,0.51,800,10.20
2009-09-21,0.51,0.53,0.51,0.51,700,10.20
2009-09-18,0.50,0.53,0.50,0.52,1500,10.40
2009-09-17,0.50,0.50,0.47,0.49,200,9.80
2009-09-16,0.51,0.51,0.48,0.48,600,9.60
2009-09-15,0.50,0.51,0.48,0.51,1800,10.20
2009-09-14,0.51,0.52,0.50,0.50,100,10.00
2009-09-11,0.52,0.55,0.51,0.51,300,10.20
2009-09-10,0.55,0.55,0.51,0.51,200,10.20
2009-09-09,0.56,0.56,0.55,0.55,000,11.00
2009-09-08,0.59,0.59,0.55,0.58,200,11.60
2009-09-04,0.53,0.53,0.53,0.53,000,10.60
2009-09-03,0.60,0.60,0.53,0.53,000,10.60
2009-09-02,0.58,0.61,0.57,0.57,400,11.40
2009-09-01,0.56,0.56,0.52,0.56,300,11.20
2009-08-31,0.57,0.60,0.57,0.60,400,12.00
2009-08-28,0.65,0.66,0.60,0.61,900,12.20
2009-08-27,0.58,0.64,0.58,0.64,700,12.80
2009-08-26,0.50,0.57,0.50,0.57,900,11.40
2009-08-25,0.50,0.52,0.50,0.51,200,10.20
2009-08-24,0.51,0.51,0.50,0.50,300,10.00
2009-08-21,0.50,0.52,0.50,0.51,500,10.20
2009-08-20,0.53,0.53,0.49,0.51,500,10.20
2009-08-19,0.53,0.53,0.52,0.53,500,10.60
2009-08-18,0.51,0.54,0.50,0.54,000,10.80
2009-08-17,0.54,0.54,0.50,0.52,500,10.40
2009-08-14,0.57,0.57,0.54,0.54,000,10.80
2009-08-13,0.58,0.58,0.55,0.58,000,11.60
2009-08-12,0.58,0.58,0.53,0.56,000,11.20
2009-08-11,0.54,0.55,0.53,0.53,700,10.60
2009-08-10,0.59,0.59,0.52,0.56,300,11.20
2009-08-07,0.56,0.57,0.52,0.56,1200,11.20
2009-08-06,0.56,0.58,0.50,0.57,300,11.40
2009-08-05,0.51,0.57,0.51,0.56,200,11.20
2009-08-04,0.57,0.60,0.45,0.53,200,10.60
2009-08-03,0.55,0.58,0.55,0.57,400,11.40
2009-07-31,0.60,0.60,0.57,0.60,400,12.00
2009-07-30,0.55,0.59,0.55,0.58,400,11.60
2009-07-29,0.56,0.59,0.52,0.55,300,11.00
2009-07-28,0.45,0.56,0.45,0.56,1200,11.20
2009-07-27,0.46,0.49,0.46,0.49,000,9.80
2009-07-24,0.51,0.51,0.45,0.45,900,9.00
2009-07-23,0.54,0.54,0.50,0.50,300,10.00
2009-07-22,0.53,0.60,0.51,0.53,500,10.60
2009-07-21,0.59,0.59,0.50,0.55,700,11.00
2009-07-20,0.64,0.75,0.54,0.59,5700,11.80
2009-07-17,0.60,0.60,0.57,0.60,100,12.00
2009-07-16,0.62,0.65,0.42,0.56,900,11.20
2009-07-15,0.69,0.69,0.69,0.69,000,13.80
2009-07-14,0.68,0.69,0.68,0.69,000,13.80
2009-07-13,0.66,0.68,0.66,0.68,100,13.60
2009-07-10,0.62,0.66,0.62,0.64,500,12.80
2009-07-09,0.69,0.69,0.63,0.63,000,12.60
2009-07-08,0.73,0.79,0.62,0.66,800,13.20
2009-07-07,0.81,0.82,0.75,0.75,1000,15.00
2009-07-06,0.85,0.85,0.65,0.83,2900,16.60
2009-07-02,0.89,0.93,0.80,0.87,300,17.40
2009-07-01,0.78,0.94,0.78,0.89,1500,17.80
2009-06-30,0.78,0.78,0.72,0.78,500,15.60
2009-06-29,0.70,0.76,0.70,0.75,300,15.00
2009-06-26,0.71,0.81,0.62,0.75,1600,15.00
2009-06-25,0.62,0.74,0.62,0.71,1900,14.20
2009-06-24,0.56,0.64,0.56,0.60,1300,12.00
2009-06-23,0.54,0.62,0.52,0.56,600,11.20
2009-06-22,0.60,0.60,0.55,0.56,600,11.20
2009-06-19,0.52,0.58,0.52,0.58,600,11.60
2009-06-18,0.50,0.56,0.50,0.52,700,10.40
2009-06-17,0.50,0.55,0.50,0.55,700,11.00
2009-06-16,0.50,0.51,0.50,0.50,1000,10.00
2009-06-15,0.47,0.55,0.45,0.45,1100,9.00
2009-06-12,0.46,0.50,0.46,0.50,400,10.00
2009-06-11,0.48,0.48,0.40,0.47,200,9.40
2009-06-10,0.48,0.53,0.48,0.52,300,10.40
2009-06-09,0.53,0.53,0.48,0.48,1200,9.60
2009-06-08,0.47,0.61,0.45,0.56,3400,11.20
2009-06-05,0.35,0.44,0.34,0.44,2400,8.80
2009-06-04,0.31,0.32,0.30,0.32,1100,6.40
2009-06-03,0.30,0.32,0.30,0.31,700,6.20
2009-06-02,0.29,0.30,0.28,0.30,1200,6.00
2009-06-01,0.26,0.32,0.25,0.28,700,5.60
2009-05-29,0.25,0.29,0.25,0.29,200,5.80
2009-05-28,0.28,0.28,0.25,0.28,100,5.60
2009-05-27,0.28,0.29,0.25,0.25,600,5.00
2009-05-26,0.25,0.28,0.25,0.27,1000,5.40
2009-05-22,0.24,0.27,0.24,0.27,200,5.40
2009-05-21,0.27,0.27,0.24,0.24,300,4.80
2009-05-20,0.24,0.26,0.24,0.26,100,5.20
2009-05-19,0.23,0.26,0.23,0.24,300,4.80
2009-05-18,0.24,0.26,0.24,0.26,200,5.20
2009-05-15,0.29,0.29,0.22,0.24,900,4.80
2009-05-14,0.26,0.26,0.24,0.24,600,4.80
2009-05-13,0.23,0.26,0.23,0.24,200,4.80
2009-05-12,0.24,0.26,0.23,0.26,800,5.20
2009-05-11,0.26,0.26,0.24,0.26,500,5.20
2009-05-08,0.27,0.27,0.24,0.24,800,4.80
2009-05-07,0.22,0.25,0.22,0.25,400,5.00
2009-05-06,0.26,0.26,0.21,0.24,400,4.80
2009-05-05,0.23,0.26,0.21,0.25,400,5.00
2009-05-04,0.24,0.27,0.24,0.25,100,5.00
2009-05-01,0.25,0.26,0.25,0.25,100,5.00
2009-04-30,0.27,0.27,0.23,0.25,200,5.00
2009-04-29,0.21,0.27,0.21,0.27,1000,5.40
2009-04-28,0.22,0.23,0.21,0.21,200,4.20
2009-04-27,0.25,0.25,0.23,0.25,400,5.00
2009-04-24,0.23,0.23,0.23,0.23,300,4.60
2009-04-23,0.22,0.22,0.22,0.22,000,4.40
2009-04-22,0.24,0.25,0.22,0.22,200,4.40
2009-04-21,0.26,0.26,0.25,0.25,200,5.00
2009-04-20,0.26,0.26,0.21,0.25,600,5.00
2009-04-17,0.24,0.24,0.24,0.24,100,4.80
2009-04-16,0.26,0.26,0.21,0.24,800,4.80
2009-04-15,0.24,0.27,0.21,0.23,1400,4.60
2009-04-14,0.27,0.27,0.21,0.27,400,5.40
2009-04-13,0.21,0.25,0.21,0.25,100,5.00
2009-04-09,0.24,0.30,0.21,0.21,500,4.20
2009-04-08,0.23,0.23,0.23,0.23,000,4.60
2009-04-07,0.23,0.24,0.23,0.23,800,4.60
2009-04-06,0.21,0.23,0.21,0.22,200,4.40
2009-04-03,0.21,0.25,0.21,0.24,400,4.80
2009-04-02,0.25,0.25,0.24,0.25,300,5.00
2009-04-01,0.25,0.25,0.24,0.24,300,4.80
2009-03-31,0.19,0.24,0.19,0.24,500,4.80
2009-03-30,0.21,0.23,0.21,0.21,500,4.20
2009-03-27,0.20,0.21,0.17,0.19,2200,3.80
2009-03-26,0.23,0.23,0.20,0.20,600,4.00
2009-03-25,0.23,0.23,0.23,0.23,100,4.60
2009-03-24,0.21,0.23,0.21,0.23,000,4.60
2009-03-23,0.26,0.26,0.26,0.26,000,5.20
2009-03-20,0.25,0.27,0.24,0.25,800,5.00
2009-03-19,0.27,0.28,0.24,0.25,300,5.00
2009-03-18,0.24,0.27,0.24,0.27,600,5.40
2009-03-17,0.21,0.24,0.21,0.24,2200,4.80
2009-03-16,0.25,0.25,0.21,0.21,500,4.20
2009-03-13,0.21,0.21,0.21,0.21,200,4.20
2009-03-12,0.21,0.22,0.21,0.21,200,4.20
2009-03-11,0.19,0.22,0.19,0.21,500,4.20
2009-03-10,0.21,0.21,0.12,0.19,500,3.80
2009-03-09,0.11,0.21,0.11,0.21,1700,4.20
2009-03-06,0.21,0.21,0.19,0.21,800,4.20
2009-03-05,0.22,0.22,0.20,0.22,100,4.40
2009-03-04,0.21,0.23,0.21,0.22,400,4.40
2009-03-03,0.21,0.21,0.21,0.21,100,4.20
2009-03-02,0.23,0.23,0.19,0.21,900,4.20
2009-02-27,0.22,0.24,0.22,0.24,700,4.80
2009-02-26,0.22,0.23,0.21,0.22,200,4.40
2009-02-25,0.25,0.25,0.22,0.22,300,4.40
2009-02-24,0.16,0.24,0.16,0.24,300,4.80
2009-02-23,0.28,0.28,0.24,0.24,600,4.80
2009-02-20,0.27,0.27,0.27,0.27,000,5.40
2009-02-19,0.28,0.28,0.27,0.28,200,5.60
2009-02-18,0.25,0.25,0.25,0.25,000,5.00
2009-02-17,0.28,0.28,0.26,0.26,400,5.20
2009-02-13,0.29,0.29,0.27,0.28,200,5.60
2009-02-12,0.24,0.28,0.23,0.28,200,5.60
2009-02-11,0.26,0.26,0.25,0.25,300,5.00
2009-02-10,0.25,0.26,0.25,0.26,100,5.20
2009-02-09,0.29,0.29,0.25,0.25,100,5.00
2009-02-06,0.23,0.26,0.23,0.26,300,5.20
2009-02-05,0.31,0.31,0.26,0.26,600,5.20
2009-02-04,0.30,0.30,0.29,0.30,000,6.00
2009-02-03,0.22,0.30,0.22,0.27,500,5.40
2009-02-02,0.22,0.24,0.22,0.24,000,4.80
2009-01-30,0.26,0.27,0.24,0.25,1100,5.00
2009-01-29,0.28,0.28,0.26,0.26,400,5.20
2009-01-28,0.25,0.26,0.23,0.26,1200,5.20
2009-01-27,0.19,0.25,0.19,0.23,2000,4.60
2009-01-26,0.19,0.19,0.19,0.19,000,3.80
2009-01-23,0.19,0.21,0.19,0.20,700,4.00
2009-01-22,0.20,0.21,0.19,0.20,700,4.00
2009-01-21,0.20,0.22,0.20,0.20,900,4.00
2009-01-20,0.22,0.22,0.16,0.22,4300,4.40
2009-01-16,0.19,0.22,0.19,0.20,1800,4.00
2009-01-15,0.20,0.27,0.08,0.17,12700,3.40
2009-01-14,0.03002,0.03002,0.02002,0.02002,500,4.80384
2009-01-13,0.03002,0.03002,0.02002,0.03002,700,7.20576
2009-01-12,0.03002,0.03002,0.02002,0.02002,600,4.80384
2009-01-09,0.03002,0.03002,0.02002,0.03002,600,7.20576
2009-01-08,0.03002,0.03002,0.02002,0.03002,600,7.20576
2009-01-07,0.03002,0.03002,0.02002,0.03002,300,7.20576
2009-01-06,0.03002,0.03002,0.02002,0.03002,400,7.20576
2009-01-05,0.03002,0.03002,0.02002,0.03002,800,7.20576
2009-01-02,0.03002,0.03002,0.02002,0.03002,300,7.20576
2008-12-31,0.03002,0.03002,0.02002,0.02002,1100,4.80384
2008-12-30,0.02002,0.03002,0.02002,0.02002,700,4.80384
2008-12-29,0.03002,0.03002,0.02002,0.02002,100,4.80384
2008-12-26,0.03002,0.03002,0.02002,0.03002,200,7.20576
2008-12-24,0.02002,0.03002,0.02002,0.03002,200,7.20576
2008-12-23,0.03002,0.03002,0.02002,0.02002,100,4.80384
2008-12-22,0.03002,0.03002,0.02002,0.02002,700,4.80384
2008-12-19,0.03002,0.04003,0.03002,0.03002,900,7.20576
2008-12-18,0.04003,0.04003,0.03002,0.03002,200,7.20576
2008-12-17,0.03002,0.04003,0.03002,0.03002,500,7.20576
2008-12-16,0.03002,0.04003,0.03002,0.03002,500,7.20576
2008-12-15,0.04003,0.04003,0.03002,0.03002,900,7.20576
2008-12-12,0.04003,0.04003,0.03002,0.03002,400,7.20576
2008-12-11,0.04003,0.04003,0.02002,0.03002,800,7.20576
2008-12-10,0.03002,0.04003,0.02002,0.02002,800,4.80384
2008-12-09,0.04003,0.04003,0.02002,0.03002,700,7.20576
2008-12-08,0.03002,0.04003,0.02002,0.04003,400,9.60768
2008-12-05,0.03002,0.04003,0.02002,0.02002,200,4.80384
2008-12-04,0.02002,0.04003,0.02002,0.03002,100,7.20576
2008-12-03,0.03002,0.04003,0.03002,0.03002,000,7.20576
2008-12-02,0.03002,0.04003,0.03002,0.04003,400,9.60768
2008-12-01,0.03002,0.04003,0.02002,0.03002,200,7.20576
2008-11-28,0.03002,0.03002,0.03002,0.03002,300,7.20576
2008-11-26,0.03002,0.03002,0.02002,0.02002,200,4.80384
2008-11-25,0.03002,0.03002,0.03002,0.03002,200,7.20576
2008-11-24,0.02002,0.03002,0.02002,0.03002,400,7.20576
2008-11-21,0.03002,0.03002,0.02002,0.03002,500,7.20576
2008-11-20,0.03002,0.03002,0.03002,0.03002,600,7.20576
2008-11-19,0.04003,0.04003,0.03002,0.03002,200,7.20576
2008-11-18,0.04003,0.04003,0.03002,0.04003,200,9.60768
2008-11-17,0.04003,0.04003,0.03002,0.03002,300,7.20576
2008-11-14,0.04003,0.04003,0.03002,0.03002,500,7.20576
2008-11-13,0.04003,0.04003,0.03002,0.04003,000,9.60768
2008-11-12,0.03002,0.04003,0.03002,0.04003,200,9.60768
2008-11-11,0.03002,0.04003,0.03002,0.04003,200,9.60768
2008-11-10,0.04003,0.04003,0.04003,0.04003,300,9.60768
2008-11-07,0.05004,0.05004,0.03002,0.04003,400,9.60768
2008-11-06,0.04003,0.04003,0.03002,0.04003,100,9.60768
2008-11-05,0.05004,0.05004,0.04003,0.04003,1100,9.60768
2008-11-04,0.04003,0.05004,0.04003,0.05004,400,12.0096
2008-11-03,0.04003,0.04003,0.04003,0.04003,100,9.60768
2008-10-31,0.03002,0.04003,0.03002,0.04003,500,9.60768
2008-10-30,0.03002,0.03002,0.03002,0.03002,200,7.20576
2008-10-29,0.03002,0.03002,0.03002,0.03002,600,7.20576
2008-10-28,0.03002,0.03002,0.03002,0.03002,100,7.20576
2008-10-27,0.03002,0.03002,0.03002,0.03002,700,7.20576
2008-10-24,0.03002,0.03002,0.03002,0.03002,700,7.20576
2008-10-23,0.03002,0.03002,0.03002,0.03002,1500,7.20576
2008-10-22,0.04003,0.04003,0.03002,0.03002,000,7.20576
2008-10-21,0.05004,0.05004,0.03002,0.03002,3700,7.20576
2008-10-20,0.04003,0.06005,0.03002,0.03002,3500,7.20576
2008-10-17,0.04003,0.04003,0.03002,0.03002,300,7.20576
2008-10-16,0.04003,0.04003,0.03002,0.03002,1000,7.20576
2008-10-15,0.04003,0.04003,0.03002,0.03002,600,7.20576
2008-10-14,0.04003,0.05004,0.03002,0.04003,1600,9.60768
2008-10-13,0.03002,0.04003,0.03002,0.04003,700,9.60768
2008-10-10,0.05004,0.05004,0.03002,0.04003,200,9.60768
2008-10-09,0.04003,0.05004,0.04003,0.04003,500,9.60768
2008-10-08,0.05004,0.05004,0.03002,0.04003,200,9.60768
2008-10-07,0.05004,0.05004,0.04003,0.04003,1000,9.60768
2008-10-06,0.05004,0.05004,0.03002,0.03002,1800,7.20576
2008-10-03,0.05004,0.05004,0.05004,0.05004,100,12.0096
2008-10-02,0.04003,0.05004,0.04003,0.05004,100,12.0096
2008-10-01,0.04003,0.05004,0.04003,0.05004,100,12.0096
2008-09-30,0.06005,0.06005,0.04003,0.05004,600,12.0096
2008-09-29,0.06005,0.06005,0.04003,0.05004,700,12.0096
2008-09-26,0.05004,0.06005,0.05004,0.06005,300,14.41152
2008-09-25,0.06005,0.07006,0.05004,0.05004,1000,12.0096
2008-09-24,0.07006,0.07006,0.05004,0.05004,1400,12.0096
2008-09-23,0.07006,0.07006,0.06005,0.07006,200,16.81344
2008-09-22,0.07006,0.08006,0.06005,0.07006,1400,16.81344
2008-09-19,0.08006,0.08006,0.07006,0.08006,400,19.21536
2008-09-18,0.07006,0.08006,0.07006,0.08006,100,19.21536
2008-09-17,0.08006,0.09007,0.07006,0.08006,200,19.21536
2008-09-16,0.09007,0.09007,0.07006,0.08006,000,19.21536
2008-09-15,0.09007,0.09007,0.08006,0.08006,500,19.21536
2008-09-12,0.08006,0.09007,0.08006,0.09007,800,21.61728
2008-09-11,0.08006,0.09007,0.08006,0.08006,200,19.21536
2008-09-10,0.08006,0.09007,0.08006,0.09007,200,21.61728
2008-09-09,0.09007,0.09007,0.08006,0.09007,900,21.61728
2008-09-08,0.10008,0.10008,0.09007,0.09007,400,21.61728
2008-09-05,0.10008,0.10008,0.09007,0.10008,400,24.0192
2008-09-04,0.10008,0.10008,0.09007,0.09007,1400,21.61728
2008-09-03,0.09007,0.10008,0.09007,0.09007,300,21.61728
2008-09-02,0.10008,0.10008,0.09007,0.09007,400,21.61728
2008-08-29,0.10008,0.10008,0.09007,0.10008,000,24.0192
2008-08-28,0.09007,0.10008,0.09007,0.09007,000,21.61728
2008-08-27,0.10008,0.10008,0.09007,0.10008,100,24.0192
2008-08-26,0.09007,0.10008,0.09007,0.10008,700,24.0192
2008-08-25,0.08006,0.10008,0.08006,0.09007,200,21.61728
2008-08-22,0.09007,0.10008,0.08006,0.09007,100,21.61728
2008-08-21,0.08006,0.09007,0.08006,0.09007,100,21.61728
2008-08-20,0.09007,0.09007,0.08006,0.08006,300,19.21536
2008-08-19,0.09007,0.10008,0.08006,0.08006,200,19.21536
2008-08-18,0.08006,0.09007,0.08006,0.09007,800,21.61728
2008-08-15,0.07006,0.08006,0.07006,0.08006,1300,19.21536
2008-08-14,0.07006,0.08006,0.07006,0.07006,700,16.81344
2008-08-13,0.08006,0.08006,0.07006,0.08006,300,19.21536
2008-08-12,0.08006,0.08006,0.07006,0.08006,200,19.21536
2008-08-11,0.08006,0.08006,0.07006,0.08006,000,19.21536
2008-08-08,0.08006,0.08006,0.07006,0.08006,600,19.21536
2008-08-07,0.07006,0.08006,0.07006,0.08006,000,19.21536
2008-08-06,0.07006,0.08006,0.07006,0.08006,300,19.21536
2008-08-05,0.06005,0.07006,0.06005,0.07006,300,16.81344
2008-08-04,0.07006,0.07006,0.06005,0.07006,100,16.81344
2008-08-01,0.07006,0.07006,0.06005,0.07006,200,16.81344
2008-07-31,0.06005,0.07006,0.06005,0.06005,400,14.41152
2008-07-30,0.07006,0.07006,0.06005,0.07006,500,16.81344
2008-07-29,0.07006,0.08006,0.07006,0.07006,200,16.81344
2008-07-28,0.06005,0.08006,0.06005,0.07006,200,16.81344
2008-07-25,0.07006,0.07006,0.07006,0.07006,000,16.81344
2008-07-24,0.08006,0.08006,0.07006,0.07006,000,16.81344
2008-07-23,0.08006,0.08006,0.06005,0.07006,800,16.81344
2008-07-22,0.08006,0.08006,0.06005,0.07006,400,16.81344
2008-07-21,0.07006,0.07006,0.06005,0.07006,400,16.81344
2008-07-18,0.07006,0.07006,0.07006,0.07006,300,16.81344
2008-07-17,0.07006,0.07006,0.06005,0.07006,300,16.81344
2008-07-16,0.06005,0.07006,0.06005,0.07006,900,16.81344
2008-07-15,0.06005,0.07006,0.06005,0.06005,500,14.41152
2008-07-14,0.07006,0.07006,0.06005,0.07006,600,16.81344
2008-07-11,0.07006,0.07006,0.07006,0.07006,100,16.81344
2008-07-10,0.07006,0.07006,0.07006,0.07006,100,16.81344
2008-07-09,0.07006,0.07006,0.07006,0.07006,400,16.81344
2008-07-08,0.07006,0.07006,0.07006,0.07006,300,16.81344
2008-07-07,0.07006,0.08006,0.07006,0.07006,500,16.81344
2008-07-03,0.07006,0.08006,0.07006,0.07006,100,16.81344
2008-07-02,0.07006,0.08006,0.07006,0.08006,100,19.21536
2008-07-01,0.08006,0.08006,0.08006,0.08006,000,19.21536
2008-06-30,0.08006,0.08006,0.08006,0.08006,400,19.21536
2008-06-27,0.08006,0.08006,0.08006,0.08006,100,19.21536
2008-06-26,0.08006,0.08006,0.07006,0.08006,500,19.21536
2008-06-25,0.07006,0.09007,0.07006,0.08006,300,19.21536
2008-06-24,0.08006,0.09007,0.07006,0.09007,1200,21.61728
2008-06-23,0.08006,0.08006,0.07006,0.08006,1000,19.21536
2008-06-20,0.08006,0.08006,0.08006,0.08006,300,19.21536
2008-06-19,0.09007,0.09007,0.08006,0.08006,1600,19.21536
2008-06-18,0.09007,0.09007,0.08006,0.09007,200,21.61728
2008-06-17,0.09007,0.09007,0.08006,0.09007,200,21.61728
2008-06-16,0.08006,0.10008,0.08006,0.08006,300,19.21536
2008-06-13,0.10008,0.10008,0.08006,0.08006,000,19.21536
2008-06-12,0.10008,0.10008,0.08006,0.09007,600,21.61728
2008-06-11,0.09007,0.10008,0.09007,0.10008,400,24.0192
2008-06-10,0.10008,0.10008,0.09007,0.09007,000,21.61728
2008-06-09,0.10008,0.10008,0.09007,0.10008,000,24.0192
2008-06-06,0.09007,0.10008,0.09007,0.09007,100,21.61728
2008-06-05,0.10008,0.10008,0.09007,0.09007,300,21.61728
2008-06-04,0.10008,0.10008,0.09007,0.10008,100,24.0192
2008-06-03,0.10008,0.10008,0.09007,0.10008,100,24.0192
2008-06-02,0.09007,0.10008,0.09007,0.10008,000,24.0192
2008-05-30,0.10008,0.10008,0.09007,0.10008,200,24.0192
2008-05-29,0.09007,0.10008,0.09007,0.10008,200,24.0192
2008-05-28,0.09007,0.10008,0.09007,0.09007,000,21.61728
2008-05-27,0.09007,0.10008,0.09007,0.10008,800,24.0192
2008-05-23,0.10008,0.10008,0.09007,0.09007,300,21.61728
2008-05-22,0.10008,0.10008,0.09007,0.10008,400,24.0192
2008-05-21,0.11009,0.11009,0.09007,0.10008,400,24.0192
2008-05-20,0.10008,0.10008,0.10008,0.10008,400,24.0192
2008-05-19,0.11009,0.11009,0.09007,0.10008,200,24.0192
2008-05-16,0.11009,0.11009,0.09007,0.09007,800,21.61728
2008-05-15,0.11009,0.11009,0.09007,0.11009,500,26.42112
2008-05-14,0.09007,0.10008,0.09007,0.09007,900,21.61728
2008-05-13,0.09007,0.10008,0.09007,0.10008,200,24.0192
2008-05-12,0.10008,0.10008,0.09007,0.09007,600,21.61728
2008-05-09,0.09007,0.11009,0.09007,0.09007,1000,21.61728
2008-05-08,0.11009,0.11009,0.09007,0.09007,1100,21.61728
2008-05-07,0.11009,0.1201,0.09007,0.10008,2400,24.0192
2008-05-06,0.1201,0.1201,0.11009,0.11009,300,26.42112
2008-05-05,0.1201,0.1201,0.11009,0.1201,200,28.82304
2008-05-02,0.11009,0.1201,0.11009,0.1201,100,28.82304
2008-05-01,0.11009,0.1201,0.11009,0.11009,500,26.42112
2008-04-30,0.1201,0.1201,0.11009,0.11009,100,26.42112
2008-04-29,0.1301,0.1301,0.1201,0.1201,400,28.82304
2008-04-28,0.11009,0.1301,0.10008,0.1201,1700,28.82304
2008-04-25,0.10008,0.10008,0.09007,0.10008,400,24.0192
2008-04-24,0.11009,0.11009,0.08006,0.09007,800,21.61728
2008-04-23,0.10008,0.10008,0.08006,0.09007,800,21.61728
2008-04-22,0.10008,0.10008,0.08006,0.10008,1000,24.0192
2008-04-21,0.10008,0.10008,0.08006,0.09007,300,21.61728
2008-04-18,0.08006,0.08006,0.08006,0.08006,1500,19.21536
2008-04-17,0.10008,0.10008,0.08006,0.08006,1300,19.21536
2008-04-16,0.08006,0.11009,0.08006,0.09007,4000,21.61728
2008-04-15,0.1201,0.1201,0.11009,0.11009,800,26.42112
2008-04-14,0.1201,0.1301,0.1201,0.1201,1100,28.82304
2008-04-11,0.1201,0.1301,0.1201,0.1301,200,31.22496
2008-04-10,0.1201,0.1301,0.1201,0.1201,300,28.82304
2008-04-09,0.1301,0.1301,0.1201,0.1201,2400,28.82304
2008-04-08,0.15012,0.15012,0.1201,0.1301,600,31.22496
2008-04-07,0.14011,0.14011,0.14011,0.14011,200,33.62688
2008-04-04,0.15012,0.15012,0.14011,0.14011,000,33.62688
2008-04-03,0.14011,0.15012,0.14011,0.15012,100,36.0288
2008-04-02,0.15012,0.15012,0.1301,0.15012,200,36.0288
2008-04-01,0.1301,0.15012,0.1301,0.14011,900,33.62688
2008-03-31,0.15012,0.15012,0.1301,0.14011,400,33.62688
2008-03-28,0.14011,0.14011,0.1301,0.1301,200,31.22496
2008-03-27,0.1201,0.1301,0.1201,0.1301,300,31.22496
2008-03-26,0.1301,0.1301,0.1201,0.1201,600,28.82304
2008-03-25,0.1201,0.14011,0.1201,0.1301,200,31.22496
2008-03-24,0.1301,0.1301,0.1201,0.1301,900,31.22496
2008-03-20,0.14011,0.15012,0.1301,0.14011,1100,33.62688
2008-03-19,0.1301,0.15012,0.1301,0.15012,200,36.0288
2008-03-18,0.15012,0.15012,0.14011,0.15012,100,36.0288
2008-03-17,0.14011,0.15012,0.14011,0.14011,100,33.62688
2008-03-14,0.14011,0.16013,0.14011,0.14011,400,33.62688
2008-03-13,0.14011,0.15012,0.14011,0.15012,100,36.0288
2008-03-12,0.14011,0.16013,0.14011,0.15012,200,36.0288
2008-03-11,0.14011,0.16013,0.14011,0.15012,700,36.0288
2008-03-10,0.15012,0.15012,0.14011,0.14011,800,33.62688
2008-03-07,0.15012,0.15012,0.14011,0.14011,400,33.62688
2008-03-06,0.15012,0.16013,0.15012,0.15012,100,36.0288
2008-03-05,0.15012,0.16013,0.15012,0.16013,800,38.43072
2008-03-04,0.15012,0.16013,0.15012,0.15012,400,36.0288
2008-03-03,0.16013,0.16013,0.15012,0.15012,400,36.0288
2008-02-29,0.16013,0.16013,0.15012,0.15012,100,36.0288
2008-02-28,0.15012,0.15012,0.15012,0.15012,000,36.0288
2008-02-27,0.15012,0.16013,0.15012,0.15012,300,36.0288
2008-02-26,0.15012,0.16013,0.14011,0.16013,300,38.43072
2008-02-25,0.15012,0.16013,0.14011,0.15012,300,36.0288
2008-02-22,0.14011,0.16013,0.14011,0.16013,200,38.43072
2008-02-21,0.16013,0.16013,0.14011,0.15012,600,36.0288
2008-02-20,0.16013,0.20016,0.14011,0.16013,1100,38.43072
2008-02-19,0.14011,0.15012,0.14011,0.15012,200,36.0288
2008-02-15,0.16013,0.16013,0.15012,0.15012,500,36.0288
2008-02-14,0.15012,0.16013,0.15012,0.15012,400,36.0288
2008-02-13,0.15012,0.16013,0.15012,0.16013,400,38.43072
2008-02-12,0.14011,0.15012,0.14011,0.15012,300,36.0288
2008-02-11,0.15012,0.15012,0.1201,0.14011,1100,33.62688
2008-02-08,0.16013,0.16013,0.15012,0.15012,400,36.0288
2008-02-07,0.16013,0.16013,0.15012,0.16013,500,38.43072
2008-02-06,0.16013,0.17014,0.15012,0.16013,300,38.43072
2008-02-05,0.17014,0.19015,0.15012,0.16013,900,38.43072
2008-02-04,0.16013,0.21017,0.16013,0.18014,2400,43.23456
2008-02-01,0.15012,0.16013,0.14011,0.16013,2500,38.43072
2008-01-31,0.15012,0.15012,0.15012,0.15012,100,36.0288
2008-01-30,0.15012,0.15012,0.14011,0.15012,300,36.0288
2008-01-29,0.14011,0.15012,0.14011,0.15012,500,36.0288
2008-01-28,0.15012,0.15012,0.14011,0.15012,200,36.0288
2008-01-25,0.14011,0.15012,0.14011,0.15012,200,36.0288
2008-01-24,0.15012,0.15012,0.14011,0.15012,500,36.0288
2008-01-23,0.1301,0.15012,0.1301,0.14011,200,33.62688
2008-01-22,0.1301,0.15012,0.1301,0.14011,300,33.62688
2008-01-18,0.15012,0.15012,0.14011,0.14011,400,33.62688
2008-01-17,0.14011,0.15012,0.14011,0.14011,200,33.62688
2008-01-16,0.14011,0.15012,0.14011,0.14011,600,33.62688
2008-01-15,0.15012,0.15012,0.1301,0.14011,500,33.62688
2008-01-14,0.1301,0.15012,0.1301,0.15012,500,36.0288
2008-01-11,0.14011,0.14011,0.1301,0.14011,700,33.62688
2008-01-10,0.14011,0.14011,0.1301,0.14011,1000,33.62688
2008-01-09,0.1301,0.14011,0.1301,0.1301,800,31.22496
2008-01-08,0.1301,0.16013,0.1301,0.1301,1500,31.22496
2008-01-07,0.14011,0.15012,0.1201,0.14011,1700,33.62688
2008-01-04,0.15012,0.15012,0.14011,0.15012,200,36.0288
2008-01-03,0.15012,0.15012,0.1301,0.15012,400,36.0288
2008-01-02,0.14011,0.15012,0.1301,0.15012,700,36.0288
2007-12-31,0.14011,0.15012,0.1301,0.1301,1500,31.22496
2007-12-28,0.14011,0.15012,0.1301,0.14011,600,33.62688
2007-12-27,0.14011,0.15012,0.1301,0.14011,2000,33.62688
2007-12-26,0.16013,0.16013,0.14011,0.14011,200,33.62688
2007-12-24,0.1301,0.16013,0.1301,0.16013,400,38.43072
2007-12-21,0.14011,0.16013,0.14011,0.16013,400,38.43072
2007-12-20,0.15012,0.16013,0.15012,0.15012,200,36.0288
2007-12-19,0.15012,0.16013,0.15012,0.15012,600,36.0288
2007-12-18,0.17014,0.17014,0.15012,0.16013,600,38.43072
2007-12-17,0.14011,0.17014,0.14011,0.15012,900,36.0288
2007-12-14,0.17014,0.17014,0.15012,0.15012,1200,36.0288
2007-12-13,0.16013,0.17014,0.16013,0.17014,300,40.83264
2007-12-12,0.18014,0.18014,0.16013,0.17014,400,40.83264
2007-12-11,0.17014,0.18014,0.16013,0.17014,200,40.83264
2007-12-10,0.14011,0.18014,0.14011,0.17014,300,40.83264
2007-12-07,0.17014,0.17014,0.16013,0.17014,100,40.83264
2007-12-06,0.17014,0.18014,0.15012,0.15012,700,36.0288
2007-12-05,0.17014,0.17014,0.16013,0.17014,200,40.83264
2007-12-04,0.17014,0.18014,0.16013,0.16013,100,38.43072
2007-12-03,0.16013,0.17014,0.16013,0.17014,300,40.83264
2007-11-30,0.17014,0.18014,0.15012,0.16013,1600,38.43072
2007-11-29,0.16013,0.17014,0.16013,0.17014,300,40.83264
2007-11-28,0.18014,0.18014,0.15012,0.16013,900,38.43072
2007-11-27,0.16013,0.16013,0.15012,0.15012,300,36.0288
2007-11-26,0.16013,0.16013,0.15012,0.15012,200,36.0288
2007-11-23,0.16013,0.16013,0.15012,0.16013,000,38.43072
2007-11-21,0.17014,0.17014,0.15012,0.15012,1800,36.0288
2007-11-20,0.17014,0.17014,0.16013,0.17014,1400,40.83264
2007-11-19,0.17014,0.18014,0.16013,0.16013,500,38.43072
2007-11-16,0.18014,0.18014,0.17014,0.17014,1400,40.83264
2007-11-15,0.17014,0.18014,0.17014,0.18014,300,43.23456
2007-11-14,0.18014,0.18014,0.17014,0.18014,1300,43.23456
2007-11-13,0.18014,0.18014,0.17014,0.18014,700,43.23456
2007-11-12,0.18014,0.19015,0.18014,0.18014,900,43.23456
2007-11-09,0.19015,0.19015,0.18014,0.19015,400,45.63648
2007-11-08,0.18014,0.19015,0.18014,0.19015,500,45.63648
2007-11-07,0.19015,0.19015,0.18014,0.19015,500,45.63648
2007-11-06,0.19015,0.19015,0.18014,0.18014,500,43.23456
2007-11-05,0.17014,0.19015,0.17014,0.18014,500,43.23456
2007-11-02,0.19015,0.19015,0.18014,0.19015,600,45.63648
2007-11-01,0.18014,0.19015,0.17014,0.19015,1500,45.63648
2007-10-31,0.19015,0.19015,0.18014,0.19015,1400,45.63648
2007-10-30,0.19015,0.19015,0.19015,0.19015,600,45.63648
2007-10-29,0.19015,0.19015,0.18014,0.19015,900,45.63648
2007-10-26,0.19015,0.19015,0.19015,0.19015,400,45.63648
2007-10-25,0.19015,0.19015,0.18014,0.19015,600,45.63648
2007-10-24,0.18014,0.19015,0.18014,0.18014,1100,43.23456
2007-10-23,0.19015,0.19015,0.18014,0.19015,400,45.63648
2007-10-22,0.18014,0.19015,0.18014,0.18014,700,43.23456
2007-10-19,0.20016,0.20016,0.17014,0.18014,2400,43.23456
2007-10-18,0.20016,0.20016,0.19015,0.19015,1500,45.63648
2007-10-17,0.19015,0.20016,0.19015,0.20016,200,48.0384
2007-10-16,0.20016,0.20016,0.19015,0.19015,600,45.63648
2007-10-15,0.20016,0.20016,0.19015,0.20016,200,48.0384
2007-10-12,0.20016,0.20016,0.19015,0.20016,1000,48.0384
2007-10-11,0.20016,0.21017,0.19015,0.20016,1100,48.0384
2007-10-10,0.21017,0.21017,0.19015,0.20016,700,48.0384
2007-10-09,0.20016,0.21017,0.20016,0.21017,300,50.44032
2007-10-08,0.20016,0.21017,0.20016,0.20016,400,48.0384
2007-10-05,0.20016,0.21017,0.19015,0.20016,1200,48.0384
2007-10-04,0.20016,0.20016,0.20016,0.20016,200,48.0384
2007-10-03,0.21017,0.21017,0.19015,0.20016,200,48.0384
2007-10-02,0.20016,0.21017,0.20016,0.21017,1200,50.44032
2007-10-01,0.21017,0.21017,0.20016,0.21017,600,50.44032
2007-09-28,0.20016,0.21017,0.20016,0.20016,100,48.0384
2007-09-27,0.20016,0.21017,0.19015,0.21017,1000,50.44032
2007-09-26,0.21017,0.21017,0.20016,0.21017,500,50.44032
2007-09-25,0.20016,0.21017,0.19015,0.21017,400,50.44032
2007-09-24,0.20016,0.21017,0.19015,0.20016,200,48.0384
2007-09-21,0.21017,0.21017,0.19015,0.21017,1000,50.44032
2007-09-20,0.20016,0.21017,0.19015,0.20016,300,48.0384
2007-09-19,0.19015,0.21017,0.19015,0.20016,200,48.0384
2007-09-18,0.20016,0.20016,0.19015,0.19015,600,45.63648
2007-09-17,0.20016,0.22018,0.18014,0.19015,1800,45.63648
2007-09-14,0.20016,0.22018,0.20016,0.21017,200,50.44032
2007-09-13,0.21017,0.21017,0.20016,0.21017,200,50.44032
2007-09-12,0.20016,0.22018,0.20016,0.20016,600,48.0384
2007-09-11,0.21017,0.22018,0.20016,0.21017,500,50.44032
2007-09-10,0.21017,0.21017,0.19015,0.21017,500,50.44032
2007-09-07,0.19015,0.21017,0.19015,0.20016,400,48.0384
2007-09-06,0.21017,0.21017,0.19015,0.19015,800,45.63648
2007-09-05,0.21017,0.21017,0.20016,0.21017,000,50.44032
2007-09-04,0.20016,0.21017,0.20016,0.20016,700,48.0384
2007-08-31,0.20016,0.20016,0.19015,0.20016,700,48.0384
2007-08-30,0.21017,0.21017,0.18014,0.20016,400,48.0384
2007-08-29,0.19015,0.20016,0.18014,0.19015,400,45.63648
2007-08-28,0.20016,0.20016,0.18014,0.18014,700,43.23456
2007-08-27,0.20016,0.20016,0.19015,0.20016,600,48.0384
2007-08-24,0.19015,0.20016,0.19015,0.20016,100,48.0384
2007-08-23,0.19015,0.20016,0.19015,0.19015,400,45.63648
2007-08-22,0.19015,0.20016,0.19015,0.19015,800,45.63648
2007-08-21,0.20016,0.20016,0.19015,0.20016,500,48.0384
2007-08-20,0.19015,0.20016,0.18014,0.20016,700,48.0384
2007-08-17,0.14011,0.20016,0.14011,0.20016,300,48.0384
2007-08-16,0.19015,0.19015,0.18014,0.18014,800,43.23456
2007-08-15,0.21017,0.21017,0.17014,0.19015,1100,45.63648
2007-08-14,0.20016,0.22018,0.19015,0.19015,2200,45.63648
2007-08-13,0.21017,0.22018,0.20016,0.22018,600,52.84224
2007-08-10,0.19015,0.21017,0.19015,0.20016,1400,48.0384
2007-08-09,0.21017,0.22018,0.19015,0.19015,1800,45.63648
2007-08-08,0.20016,0.22018,0.19015,0.21017,800,50.44032
2007-08-07,0.20016,0.20016,0.19015,0.20016,200,48.0384
2007-08-06,0.20016,0.21017,0.19015,0.21017,500,50.44032
2007-08-03,0.21017,0.21017,0.20016,0.21017,600,50.44032
2007-08-02,0.21017,0.21017,0.20016,0.20016,200,48.0384
2007-08-01,0.22018,0.22018,0.20016,0.21017,900,50.44032
2007-07-31,0.21017,0.22018,0.21017,0.21017,300,50.44032
2007-07-30,0.23018,0.23018,0.21017,0.21017,1200,50.44032
2007-07-27,0.23018,0.23018,0.22018,0.23018,400,55.24416
2007-07-26,0.23018,0.24019,0.22018,0.23018,1000,55.24416
2007-07-25,0.24019,0.2502,0.23018,0.24019,1300,57.64608
2007-07-24,0.2502,0.2502,0.23018,0.2502,1400,60.048
2007-07-23,0.26021,0.26021,0.23018,0.2502,5400,60.048
2007-07-20,0.22018,0.22018,0.20016,0.22018,1400,52.84224
2007-07-19,0.23018,0.23018,0.22018,0.22018,1500,52.84224
2007-07-18,0.23018,0.24019,0.21017,0.23018,2500,55.24416
2007-07-17,0.19015,0.23018,0.18014,0.22018,6800,52.84224
2007-07-16,0.16013,0.18014,0.16013,0.18014,1600,43.23456
2007-07-13,0.16013,0.17014,0.16013,0.16013,200,38.43072
2007-07-12,0.16013,0.17014,0.16013,0.17014,600,40.83264
2007-07-11,0.16013,0.17014,0.15012,0.16013,800,38.43072
2007-07-10,0.17014,0.17014,0.16013,0.16013,500,38.43072
2007-07-09,0.17014,0.18014,0.16013,0.17014,200,40.83264
2007-07-06,0.17014,0.18014,0.17014,0.17014,400,40.83264
2007-07-05,0.17014,0.18014,0.17014,0.17014,1500,40.83264
2007-07-03,0.17014,0.18014,0.17014,0.17014,200,40.83264
2007-07-02,0.18014,0.18014,0.17014,0.17014,500,40.83264
2007-06-29,0.19015,0.19015,0.17014,0.18014,700,43.23456
2007-06-28,0.19015,0.19015,0.17014,0.18014,300,43.23456
2007-06-27,0.19015,0.19015,0.17014,0.18014,300,43.23456
2007-06-26,0.18014,0.19015,0.18014,0.19015,800,45.63648
2007-06-25,0.17014,0.19015,0.17014,0.19015,600,45.63648
2007-06-22,0.18014,0.18014,0.17014,0.17014,200,40.83264
2007-06-21,0.18014,0.19015,0.16013,0.18014,600,43.23456
2007-06-20,0.17014,0.18014,0.16013,0.17014,800,40.83264
2007-06-19,0.17014,0.18014,0.11009,0.17014,2000,40.83264
2007-06-18,0.18014,0.18014,0.14011,0.17014,1100,40.83264
2007-06-15,0.19015,0.19015,0.18014,0.18014,700,43.23456
2007-06-14,0.19015,0.19015,0.18014,0.18014,400,43.23456
2007-06-13,0.19015,0.19015,0.18014,0.18014,800,43.23456
2007-06-12,0.18014,0.19015,0.18014,0.18014,200,43.23456
2007-06-11,0.18014,0.19015,0.18014,0.18014,1100,43.23456
2007-06-08,0.19015,0.19015,0.18014,0.18014,1000,43.23456
2007-06-07,0.18014,0.20016,0.18014,0.18014,800,43.23456
2007-06-06,0.19015,0.20016,0.18014,0.19015,200,45.63648
2007-06-05,0.18014,0.19015,0.18014,0.19015,400,45.63648
2007-06-04,0.18014,0.19015,0.18014,0.19015,500,45.63648
2007-06-01,0.19015,0.20016,0.18014,0.18014,200,43.23456
2007-05-31,0.20016,0.20016,0.18014,0.19015,1000,45.63648
2007-05-30,0.20016,0.21017,0.19015,0.20016,1500,48.0384
2007-05-29,0.21017,0.21017,0.19015,0.19015,1600,45.63648
2007-05-25,0.19015,0.20016,0.19015,0.19015,900,45.63648
2007-05-24,0.19015,0.20016,0.19015,0.19015,500,45.63648
2007-05-23,0.19015,0.20016,0.19015,0.19015,100,45.63648
2007-05-22,0.19015,0.19015,0.18014,0.19015,800,45.63648
2007-05-21,0.20016,0.20016,0.18014,0.19015,400,45.63648
2007-05-18,0.19015,0.20016,0.19015,0.19015,100,45.63648
2007-05-17,0.19015,0.20016,0.18014,0.19015,1000,45.63648
2007-05-16,0.19015,0.20016,0.18014,0.20016,1100,48.0384
2007-05-15,0.22018,0.23018,0.18014,0.19015,5600,45.63648
2007-05-14,0.24019,0.24019,0.22018,0.23018,200,55.24416
2007-05-11,0.23018,0.24019,0.22018,0.23018,500,55.24416
2007-05-10,0.2502,0.2502,0.23018,0.23018,1500,55.24416
2007-05-09,0.24019,0.2502,0.23018,0.24019,700,57.64608
2007-05-08,0.24019,0.2502,0.24019,0.2502,1200,60.048
2007-05-07,0.24019,0.2502,0.23018,0.24019,300,57.64608
2007-05-04,0.23018,0.2502,0.23018,0.2502,2400,60.048
2007-05-03,0.22018,0.2502,0.22018,0.24019,3300,57.64608
2007-05-02,0.23018,0.23018,0.22018,0.22018,800,52.84224
2007-05-01,0.23018,0.24019,0.22018,0.23018,600,55.24416
2007-04-30,0.23018,0.24019,0.22018,0.23018,700,55.24416
2007-04-27,0.23018,0.23018,0.22018,0.23018,900,55.24416
2007-04-26,0.23018,0.24019,0.22018,0.23018,900,55.24416
2007-04-25,0.24019,0.2502,0.22018,0.23018,2000,55.24416
2007-04-24,0.24019,0.2502,0.23018,0.24019,1300,57.64608
2007-04-23,0.2502,0.2502,0.23018,0.2502,1200,60.048
2007-04-20,0.24019,0.2502,0.23018,0.2502,1300,60.048
2007-04-19,0.2502,0.2502,0.24019,0.24019,1200,57.64608
2007-04-18,0.2502,0.2502,0.23018,0.2502,2100,60.048
2007-04-17,0.2502,0.26021,0.24019,0.2502,2200,60.048
2007-04-16,0.24019,0.26021,0.24019,0.2502,1400,60.048
2007-04-13,0.23018,0.24019,0.22018,0.24019,2400,57.64608
2007-04-12,0.26021,0.27022,0.22018,0.23018,4100,55.24416
2007-04-11,0.2502,0.27022,0.2502,0.26021,12200,62.44992
2007-04-10,0.21017,0.2502,0.20016,0.2502,11000,60.048
2007-04-09,0.20016,0.21017,0.19015,0.20016,2400,48.0384
2007-04-05,0.18014,0.20016,0.18014,0.20016,1100,48.0384
2007-04-04,0.18014,0.19015,0.18014,0.19015,1700,45.63648
2007-04-03,0.19015,0.20016,0.18014,0.19015,900,45.63648
2007-04-02,0.18014,0.20016,0.18014,0.19015,2000,45.63648
2007-03-30,0.19015,0.19015,0.18014,0.19015,800,45.63648
2007-03-29,0.20016,0.20016,0.18014,0.19015,900,45.63648
2007-03-28,0.20016,0.20016,0.18014,0.20016,1000,48.0384
2007-03-27,0.19015,0.20016,0.19015,0.19015,600,45.63648
2007-03-26,0.19015,0.20016,0.18014,0.19015,600,45.63648
2007-03-23,0.20016,0.20016,0.18014,0.19015,800,45.63648
2007-03-22,0.20016,0.20016,0.19015,0.20016,300,48.0384
2007-03-21,0.20016,0.20016,0.19015,0.20016,900,48.0384
2007-03-20,0.20016,0.20016,0.19015,0.19015,200,45.63648
2007-03-19,0.19015,0.20016,0.19015,0.19015,400,45.63648
2007-03-16,0.20016,0.20016,0.19015,0.19015,100,45.63648
2007-03-15,0.19015,0.20016,0.19015,0.20016,800,48.0384
2007-03-14,0.20016,0.20016,0.19015,0.19015,000,45.63648
2007-03-13,0.20016,0.20016,0.19015,0.20016,400,48.0384
2007-03-12,0.20016,0.20016,0.19015,0.20016,500,48.0384
2007-03-09,0.20016,0.20016,0.19015,0.20016,4000,48.0384
2007-03-08,0.19015,0.20016,0.19015,0.20016,100,48.0384
2007-03-07,0.20016,0.20016,0.19015,0.19015,600,45.63648
2007-03-06,0.20016,0.20016,0.19015,0.20016,700,48.0384
2007-03-05,0.20016,0.21017,0.19015,0.19015,1500,45.63648
2007-03-02,0.21017,0.21017,0.20016,0.21017,400,50.44032
2007-03-01,0.21017,0.21017,0.20016,0.21017,700,50.44032
2007-02-28,0.21017,0.21017,0.20016,0.21017,200,50.44032
2007-02-27,0.21017,0.21017,0.20016,0.21017,1200,50.44032
2007-02-26,0.22018,0.22018,0.20016,0.21017,2000,50.44032
2007-02-23,0.20016,0.22018,0.19015,0.22018,4200,52.84224
2007-02-22,0.19015,0.20016,0.19015,0.19015,300,45.63648
2007-02-21,0.20016,0.20016,0.19015,0.20016,200,48.0384
2007-02-20,0.19015,0.20016,0.19015,0.20016,1000,48.0384
2007-02-16,0.19015,0.20016,0.18014,0.19015,300,45.63648
2007-02-15,0.19015,0.20016,0.18014,0.19015,800,45.63648
2007-02-14,0.19015,0.20016,0.18014,0.19015,300,45.63648
2007-02-13,0.19015,0.20016,0.18014,0.19015,1700,45.63648
2007-02-12,0.19015,0.20016,0.18014,0.19015,800,45.63648
2007-02-09,0.20016,0.20016,0.18014,0.20016,1800,48.0384
2007-02-08,0.20016,0.20016,0.19015,0.20016,700,48.0384
2007-02-07,0.20016,0.20016,0.19015,0.20016,200,48.0384
2007-02-06,0.19015,0.20016,0.19015,0.20016,200,48.0384
2007-02-05,0.19015,0.20016,0.19015,0.19015,400,45.63648
2007-02-02,0.20016,0.20016,0.19015,0.20016,400,48.0384
2007-02-01,0.20016,0.20016,0.19015,0.19015,100,45.63648
2007-01-31,0.20016,0.21017,0.19015,0.19015,1200,45.63648
2007-01-30,0.20016,0.21017,0.19015,0.19015,1400,45.63648
2007-01-29,0.21017,0.21017,0.20016,0.20016,100,48.0384
2007-01-26,0.20016,0.21017,0.20016,0.21017,1500,50.44032
2007-01-25,0.20016,0.22018,0.20016,0.20016,7800,48.0384
2007-01-24,0.19015,0.20016,0.19015,0.19015,2000,45.63648
2007-01-23,0.20016,0.20016,0.19015,0.19015,200,45.63648
2007-01-22,0.20016,0.20016,0.19015,0.19015,200,45.63648
2007-01-19,0.19015,0.20016,0.19015,0.20016,600,48.0384
2007-01-18,0.19015,0.20016,0.19015,0.20016,300,48.0384
2007-01-17,0.20016,0.20016,0.19015,0.19015,800,45.63648
2007-01-16,0.20016,0.20016,0.19015,0.19015,1500,45.63648
2007-01-12,0.19015,0.20016,0.19015,0.20016,700,48.0384
2007-01-11,0.19015,0.20016,0.19015,0.20016,800,48.0384
2007-01-10,0.20016,0.20016,0.19015,0.19015,600,45.63648
2007-01-09,0.20016,0.20016,0.19015,0.19015,200,45.63648
2007-01-08,0.19015,0.20016,0.18014,0.20016,500,48.0384
2007-01-05,0.19015,0.20016,0.18014,0.19015,800,45.63648
2007-01-04,0.20016,0.20016,0.19015,0.19015,400,45.63648
2007-01-03,0.20016,0.20016,0.19015,0.20016,900,48.0384
2006-12-29,0.20016,0.20016,0.18014,0.20016,3000,48.0384
2006-12-28,0.20016,0.20016,0.19015,0.20016,1000,48.0384
2006-12-27,0.19015,0.20016,0.19015,0.20016,2000,48.0384
2006-12-26,0.20016,0.21017,0.19015,0.19015,1700,45.63648
2006-12-22,0.21017,0.21017,0.19015,0.20016,2700,48.0384
2006-12-21,0.21017,0.21017,0.20016,0.20016,1000,48.0384
2006-12-20,0.21017,0.22018,0.20016,0.21017,1700,50.44032
2006-12-19,0.21017,0.22018,0.20016,0.22018,1400,52.84224
2006-12-18,0.21017,0.22018,0.20016,0.22018,4000,52.84224
2006-12-15,0.21017,0.22018,0.21017,0.22018,300,52.84224
2006-12-14,0.21017,0.23018,0.21017,0.22018,1900,52.84224
2006-12-13,0.22018,0.23018,0.22018,0.22018,600,52.84224
2006-12-12,0.21017,0.23018,0.21017,0.22018,2100,52.84224
2006-12-11,0.22018,0.22018,0.20016,0.22018,3600,52.84224
2006-12-08,0.22018,0.23018,0.22018,0.23018,400,55.24416
2006-12-07,0.22018,0.23018,0.21017,0.23018,800,55.24416
2006-12-06,0.22018,0.23018,0.22018,0.23018,1200,55.24416
2006-12-05,0.22018,0.23018,0.21017,0.23018,3700,55.24416
2006-12-04,0.23018,0.24019,0.21017,0.23018,2500,55.24416
2006-12-01,0.24019,0.2502,0.22018,0.23018,2500,55.24416
2006-11-30,0.2502,0.2502,0.23018,0.24019,800,57.64608
2006-11-29,0.2502,0.2502,0.23018,0.2502,500,60.048
2006-11-28,0.24019,0.2502,0.23018,0.2502,1000,60.048
2006-11-27,0.23018,0.24019,0.23018,0.24019,1500,57.64608
2006-11-24,0.24019,0.24019,0.23018,0.23018,100,55.24416
2006-11-22,0.21017,0.24019,0.21017,0.24019,2500,57.64608
2006-11-21,0.22018,0.23018,0.21017,0.22018,1800,52.84224
2006-11-20,0.23018,0.23018,0.21017,0.22018,3100,52.84224
2006-11-17,0.22018,0.24019,0.22018,0.22018,1100,52.84224
2006-11-16,0.24019,0.2502,0.22018,0.22018,1700,52.84224
2006-11-15,0.2502,0.2502,0.24019,0.2502,200,60.048
2006-11-14,0.2502,0.2502,0.24019,0.2502,1400,60.048
2006-11-13,0.26021,0.26021,0.24019,0.24019,2700,57.64608
2006-11-10,0.26021,0.26021,0.2502,0.26021,200,62.44992
2006-11-09,0.26021,0.27022,0.2502,0.27022,500,64.85184
2006-11-08,0.27022,0.27022,0.2502,0.2502,500,60.048
2006-11-07,0.26021,0.27022,0.2502,0.27022,600,64.85184
2006-11-06,0.26021,0.27022,0.2502,0.26021,900,62.44992
2006-11-03,0.26021,0.28022,0.26021,0.27022,800,64.85184
2006-11-02,0.27022,0.27022,0.26021,0.26021,100,62.44992
2006-11-01,0.27022,0.27022,0.26021,0.26021,600,62.44992
2006-10-31,0.28022,0.28022,0.26021,0.27022,200,64.85184
2006-10-30,0.28022,0.28022,0.27022,0.28022,500,67.25376
2006-10-27,0.29023,0.29023,0.27022,0.27022,2000,64.85184
2006-10-26,0.26021,0.28022,0.26021,0.27022,2500,64.85184
2006-10-25,0.26021,0.27022,0.2502,0.27022,100,64.85184
2006-10-24,0.27022,0.27022,0.2502,0.26021,1000,62.44992
2006-10-23,0.26021,0.27022,0.2502,0.27022,700,64.85184
2006-10-20,0.27022,0.27022,0.26021,0.26021,500,62.44992
2006-10-19,0.27022,0.27022,0.26021,0.27022,1300,64.85184
2006-10-18,0.2502,0.28022,0.2502,0.27022,3100,64.85184
2006-10-17,0.2502,0.3703,0.24019,0.2502,32900,60.048
2006-10-16,0.26021,0.26021,0.24019,0.2502,1700,60.048
2006-10-13,0.2502,0.26021,0.2502,0.2502,500,60.048
2006-10-12,0.26021,0.26021,0.24019,0.26021,2000,62.44992
2006-10-11,0.27022,0.27022,0.2502,0.26021,700,62.44992
2006-10-10,0.26021,0.27022,0.26021,0.27022,1000,64.85184
2006-10-09,0.26021,0.27022,0.26021,0.26021,200,62.44992
2006-10-06,0.26021,0.28022,0.2502,0.27022,3100,64.85184
2006-10-05,0.26021,0.28022,0.26021,0.26021,2800,62.44992
2006-10-04,0.26021,0.27022,0.26021,0.26021,900,62.44992
2006-10-03,0.26021,0.27022,0.26021,0.26021,300,62.44992
2006-10-02,0.26021,0.27022,0.26021,0.26021,600,62.44992
2006-09-29,0.26021,0.27022,0.26021,0.26021,1200,62.44992
2006-09-28,0.28022,0.28022,0.26021,0.26021,1500,62.44992
2006-09-27,0.28022,0.28022,0.27022,0.28022,500,67.25376
2006-09-26,0.28022,0.29023,0.27022,0.27022,2600,64.85184
2006-09-25,0.28022,0.29023,0.27022,0.28022,1200,67.25376
2006-09-22,0.28022,0.28022,0.27022,0.28022,4100,67.25376
2006-09-21,0.26021,0.28022,0.2502,0.28022,3200,67.25376
2006-09-20,0.26021,0.27022,0.2502,0.26021,1300,62.44992
2006-09-19,0.2502,0.26021,0.2502,0.2502,100,60.048
2006-09-18,0.26021,0.27022,0.2502,0.26021,1200,62.44992
2006-09-15,0.28022,0.28022,0.26021,0.27022,5800,64.85184
2006-09-14,0.24019,0.26021,0.23018,0.26021,1900,62.44992
2006-09-13,0.24019,0.2502,0.24019,0.2502,400,60.048
2006-09-12,0.2502,0.2502,0.24019,0.2502,600,60.048
2006-09-11,0.26021,0.26021,0.24019,0.2502,1100,60.048
2006-09-08,0.26021,0.26021,0.2502,0.26021,300,62.44992
2006-09-07,0.27022,0.27022,0.2502,0.2502,1000,60.048
2006-09-06,0.26021,0.28022,0.26021,0.27022,2200,64.85184
2006-09-05,0.27022,0.29023,0.2502,0.27022,4700,64.85184
2006-09-01,0.27022,0.27022,0.2502,0.26021,2200,62.44992
2006-08-31,0.26021,0.28022,0.26021,0.27022,2700,64.85184
2006-08-30,0.26021,0.27022,0.2502,0.26021,2200,62.44992
2006-08-29,0.2502,0.26021,0.24019,0.26021,2800,62.44992
2006-08-28,0.2502,0.26021,0.24019,0.2502,3300,60.048
2006-08-25,0.23018,0.27022,0.23018,0.2502,6700,60.048
2006-08-24,0.24019,0.24019,0.22018,0.23018,1300,55.24416
2006-08-23,0.22018,0.24019,0.21017,0.24019,2500,57.64608
2006-08-22,0.23018,0.23018,0.21017,0.21017,1300,50.44032
2006-08-21,0.23018,0.23018,0.21017,0.23018,1800,55.24416
2006-08-18,0.2502,0.2502,0.23018,0.24019,1800,57.64608
2006-08-17,0.23018,0.26021,0.21017,0.2502,11400,60.048
2006-08-16,0.21017,0.22018,0.20016,0.22018,5200,52.84224
2006-08-15,0.22018,0.23018,0.21017,0.22018,2200,52.84224
2006-08-14,0.23018,0.24019,0.22018,0.22018,4000,52.84224
2006-08-11,0.2502,0.2502,0.23018,0.24019,3000,57.64608
2006-08-10,0.26021,0.27022,0.24019,0.2502,4100,60.048
2006-08-09,0.28022,0.28022,0.26021,0.27022,2000,64.85184
2006-08-08,0.29023,0.29023,0.2502,0.27022,6200,64.85184
2006-08-07,0.31025,0.31025,0.29023,0.30024,1000,72.0576
2006-08-04,0.29023,0.32026,0.28022,0.30024,3900,72.0576
2006-08-03,0.27022,0.29023,0.27022,0.29023,400,69.65568
2006-08-02,0.27022,0.28022,0.27022,0.27022,500,64.85184
2006-08-01,0.28022,0.29023,0.27022,0.28022,900,67.25376
2006-07-31,0.28022,0.29023,0.27022,0.29023,900,69.65568
2006-07-28,0.29023,0.29023,0.28022,0.29023,700,69.65568
2006-07-27,0.28022,0.29023,0.27022,0.29023,600,69.65568
2006-07-26,0.27022,0.29023,0.27022,0.29023,600,69.65568
2006-07-25,0.30024,0.30024,0.23018,0.28022,5700,67.25376
2006-07-24,0.30024,0.32026,0.30024,0.30024,1000,72.0576
2006-07-21,0.31025,0.32026,0.30024,0.31025,600,74.45953
2006-07-20,0.32026,0.32026,0.30024,0.32026,1300,76.86144
2006-07-19,0.31025,0.33026,0.30024,0.32026,1800,76.86144
2006-07-18,0.31025,0.31025,0.30024,0.31025,1300,74.45953
2006-07-17,0.31025,0.32026,0.31025,0.32026,400,76.86144
2006-07-14,0.31025,0.32026,0.31025,0.32026,1400,76.86144
2006-07-13,0.32026,0.33026,0.31025,0.32026,1100,76.86144
2006-07-12,0.32026,0.33026,0.31025,0.33026,1300,79.26336
2006-07-11,0.31025,0.33026,0.31025,0.33026,900,79.26336
2006-07-10,0.33026,0.33026,0.31025,0.32026,1800,76.86144
2006-07-07,0.35028,0.35028,0.32026,0.33026,200,79.26336
2006-07-06,0.32026,0.33026,0.31025,0.33026,1200,79.26336
2006-07-05,0.33026,0.34027,0.31025,0.33026,2400,79.26336
2006-07-03,0.33026,0.34027,0.33026,0.33026,100,79.26336
2006-06-30,0.34027,0.34027,0.33026,0.34027,500,81.66528
2006-06-29,0.34027,0.34027,0.33026,0.34027,2200,81.66528
2006-06-28,0.33026,0.34027,0.33026,0.34027,600,81.66528
2006-06-27,0.34027,0.35028,0.33026,0.34027,500,81.66528
2006-06-26,0.34027,0.35028,0.33026,0.35028,300,84.0672
2006-06-23,0.34027,0.35028,0.33026,0.35028,300,84.0672
2006-06-22,0.34027,0.35028,0.34027,0.35028,500,84.0672
2006-06-21,0.34027,0.35028,0.34027,0.35028,400,84.0672
2006-06-20,0.34027,0.34027,0.33026,0.34027,300,81.66528
2006-06-19,0.34027,0.34027,0.33026,0.34027,700,81.66528
2006-06-16,0.34027,0.35028,0.33026,0.34027,2200,81.66528
2006-06-15,0.36029,0.36029,0.33026,0.35028,1500,84.0672
2006-06-14,0.36029,0.36029,0.33026,0.35028,800,84.0672
2006-06-13,0.34027,0.35028,0.33026,0.34027,1900,81.66528
2006-06-12,0.35028,0.35028,0.34027,0.35028,500,84.0672
2006-06-09,0.34027,0.35028,0.34027,0.35028,200,84.0672
2006-06-08,0.35028,0.3703,0.34027,0.35028,1300,84.0672
2006-06-07,0.33026,0.35028,0.33026,0.35028,1200,84.0672
2006-06-06,0.34027,0.35028,0.33026,0.34027,1100,81.66528
2006-06-05,0.36029,0.36029,0.34027,0.34027,1000,81.66528
2006-06-02,0.36029,0.36029,0.35028,0.36029,500,86.46912
2006-06-01,0.36029,0.36029,0.34027,0.35028,600,84.0672
2006-05-31,0.36029,0.36029,0.34027,0.36029,2000,86.46912
2006-05-30,0.35028,0.36029,0.34027,0.36029,1900,86.46912
2006-05-26,0.35028,0.36029,0.34027,0.36029,1000,86.46912
2006-05-25,0.34027,0.36029,0.33026,0.35028,1700,84.0672
2006-05-24,0.34027,0.35028,0.33026,0.34027,1800,81.66528
2006-05-23,0.35028,0.36029,0.33026,0.35028,4100,84.0672
2006-05-22,0.3703,0.3703,0.35028,0.36029,1000,86.46912
2006-05-19,0.36029,0.3703,0.36029,0.36029,1000,86.46912
2006-05-18,0.36029,0.3703,0.35028,0.36029,900,86.46912
2006-05-17,0.3703,0.3703,0.35028,0.35028,700,84.0672
2006-05-16,0.40032,0.40032,0.35028,0.3703,4400,88.87105
2006-05-15,0.36029,0.41033,0.35028,0.39031,9500,93.67488
2006-05-12,0.39031,0.39031,0.35028,0.3703,5700,88.87105
2006-05-11,0.39031,0.40032,0.3803,0.39031,1100,93.67488
2006-05-10,0.40032,0.41033,0.39031,0.40032,1500,96.07681
2006-05-09,0.40032,0.41033,0.39031,0.40032,900,96.07681
2006-05-08,0.41033,0.41033,0.39031,0.41033,1300,98.47872
2006-05-05,0.40032,0.41033,0.40032,0.41033,1800,98.47872
2006-05-04,0.39031,0.42034,0.39031,0.41033,2600,98.47872
2006-05-03,0.40032,0.41033,0.39031,0.40032,1500,96.07681
2006-05-02,0.40032,0.41033,0.40032,0.41033,500,98.47872
2006-05-01,0.41033,0.42034,0.40032,0.41033,800,98.47872
2006-04-28,0.42034,0.43034,0.40032,0.41033,2200,98.47872
2006-04-27,0.42034,0.43034,0.41033,0.42034,1100,100.88065
2006-04-26,0.41033,0.43034,0.40032,0.42034,3300,100.88065
2006-04-25,0.41033,0.43034,0.39031,0.40032,4700,96.07681
2006-04-24,0.44035,0.44035,0.40032,0.42034,3200,100.88065
2006-04-21,0.43034,0.44035,0.41033,0.43034,3800,103.28256
2006-04-20,0.41033,0.43034,0.39031,0.42034,4100,100.88065
2006-04-19,0.40032,0.43034,0.39031,0.41033,6300,98.47872
2006-04-18,0.3703,0.39031,0.36029,0.3803,6600,91.27296
2006-04-17,0.3803,0.3803,0.3703,0.3803,2700,91.27296
2006-04-13,0.3803,0.39031,0.3703,0.3803,1100,91.27296
2006-04-12,0.40032,0.40032,0.3803,0.3803,2400,91.27296
2006-04-11,0.40032,0.41033,0.3803,0.40032,1900,96.07681
2006-04-10,0.40032,0.42034,0.39031,0.40032,3600,96.07681
2006-04-07,0.41033,0.42034,0.40032,0.41033,2300,98.47872
2006-04-06,0.39031,0.43034,0.39031,0.42034,4000,100.88065
2006-04-05,0.3703,0.40032,0.36029,0.39031,7600,93.67488
2006-04-04,0.3803,0.39031,0.36029,0.3703,6800,88.87105
2006-04-03,0.39031,0.40032,0.36029,0.3803,11500,91.27296
2006-03-31,0.42034,0.46037,0.42034,0.42034,11700,100.88065
2006-03-30,0.45036,0.47038,0.41033,0.44035,24700,105.68448
2006-03-29,0.5004,0.5004,0.47038,0.48038,1700,115.29216
2006-03-28,0.51041,0.52042,0.46037,0.5004,11800,120.096
2006-03-27,0.48038,0.53042,0.48038,0.51041,22700,122.49792
2006-03-24,0.44035,0.48038,0.43034,0.47038,15700,112.89024
2006-03-23,0.42034,0.44035,0.41033,0.44035,4900,105.68448
2006-03-22,0.42034,0.44035,0.41033,0.42034,4200,100.88065
2006-03-21,0.46037,0.46037,0.41033,0.42034,15700,100.88065
2006-03-20,0.43034,0.46037,0.41033,0.45036,28100,108.0864
2006-03-17,0.41033,0.44035,0.40032,0.41033,19900,98.47872
2006-03-16,0.36029,0.43034,0.36029,0.41033,29700,98.47872
2006-03-15,0.35028,0.3803,0.34027,0.36029,5000,86.46912
2006-03-14,0.34027,0.36029,0.33026,0.35028,9500,84.0672
2006-03-13,0.34027,0.35028,0.34027,0.35028,300,84.0672
2006-03-10,0.36029,0.36029,0.33026,0.35028,8300,84.0672
2006-03-09,0.3703,0.3703,0.35028,0.36029,3500,86.46912
2006-03-08,0.33026,0.36029,0.33026,0.35028,6900,84.0672
2006-03-07,0.36029,0.36029,0.32026,0.33026,6800,79.26336
2006-03-06,0.3803,0.3803,0.35028,0.36029,5700,86.46912
2006-03-03,0.33026,0.3703,0.32026,0.3703,7800,88.87105
2006-03-02,0.34027,0.34027,0.31025,0.33026,3300,79.26336
2006-03-01,0.32026,0.35028,0.31025,0.33026,5300,79.26336
2006-02-28,0.32026,0.32026,0.31025,0.32026,400,76.86144
2006-02-27,0.31025,0.32026,0.30024,0.31025,800,74.45953
2006-02-24,0.30024,0.32026,0.30024,0.31025,1500,74.45953
2006-02-23,0.30024,0.31025,0.30024,0.30024,800,72.0576
2006-02-22,0.31025,0.31025,0.30024,0.31025,500,74.45953
2006-02-21,0.32026,0.32026,0.30024,0.31025,500,74.45953
2006-02-17,0.32026,0.32026,0.30024,0.32026,700,76.86144
2006-02-16,0.31025,0.32026,0.31025,0.32026,600,76.86144
2006-02-15,0.30024,0.32026,0.30024,0.32026,1000,76.86144
2006-02-14,0.31025,0.32026,0.31025,0.32026,600,76.86144
2006-02-13,0.31025,0.32026,0.31025,0.32026,400,76.86144
2006-02-10,0.32026,0.32026,0.30024,0.32026,1500,76.86144
2006-02-09,0.32026,0.32026,0.31025,0.31025,1600,74.45953
2006-02-08,0.32026,0.33026,0.31025,0.31025,1500,74.45953
2006-02-07,0.32026,0.33026,0.32026,0.33026,700,79.26336
2006-02-06,0.34027,0.34027,0.32026,0.33026,1400,79.26336
2006-02-03,0.34027,0.35028,0.33026,0.34027,2100,81.66528
2006-02-02,0.33026,0.34027,0.32026,0.34027,2400,81.66528
2006-02-01,0.33026,0.33026,0.32026,0.33026,500,79.26336
2006-01-31,0.33026,0.34027,0.32026,0.33026,4000,79.26336
2006-01-30,0.32026,0.33026,0.32026,0.32026,1000,76.86144
2006-01-27,0.32026,0.33026,0.31025,0.33026,2100,79.26336
2006-01-26,0.34027,0.35028,0.31025,0.33026,9000,79.26336
2006-01-25,0.35028,0.36029,0.34027,0.34027,1700,81.66528
2006-01-24,0.35028,0.35028,0.34027,0.35028,1600,84.0672
2006-01-23,0.35028,0.35028,0.33026,0.35028,1600,84.0672
2006-01-20,0.34027,0.35028,0.34027,0.35028,2000,84.0672
2006-01-19,0.34027,0.36029,0.33026,0.35028,1600,84.0672
2006-01-18,0.35028,0.35028,0.32026,0.34027,1300,81.66528
2006-01-17,0.31025,0.34027,0.31025,0.34027,3200,81.66528
2006-01-13,0.32026,0.33026,0.31025,0.32026,1500,76.86144
2006-01-12,0.34027,0.34027,0.32026,0.33026,2400,79.26336
2006-01-11,0.36029,0.36029,0.33026,0.35028,2200,84.0672
2006-01-10,0.32026,0.36029,0.31025,0.35028,7900,84.0672
2006-01-09,0.30024,0.32026,0.30024,0.32026,1100,76.86144
2006-01-06,0.31025,0.31025,0.29023,0.30024,1500,72.0576
2006-01-05,0.28022,0.31025,0.27022,0.31025,2500,74.45953
2006-01-04,0.28022,0.29023,0.27022,0.28022,2800,67.25376
2006-01-03,0.31025,0.31025,0.28022,0.29023,3100,69.65568
2005-12-30,0.30024,0.31025,0.30024,0.31025,3000,74.45953
2005-12-29,0.31025,0.32026,0.31025,0.32026,2700,76.86144
2005-12-28,0.32026,0.32026,0.31025,0.32026,900,76.86144
2005-12-27,0.32026,0.33026,0.31025,0.33026,1700,79.26336
2005-12-23,0.32026,0.33026,0.32026,0.33026,1100,79.26336
2005-12-22,0.33026,0.33026,0.32026,0.33026,1000,79.26336
2005-12-21,0.32026,0.33026,0.32026,0.33026,1000,79.26336
2005-12-20,0.34027,0.34027,0.32026,0.33026,800,79.26336
2005-12-19,0.33026,0.34027,0.32026,0.34027,1400,81.66528
2005-12-16,0.34027,0.34027,0.33026,0.33026,900,79.26336
2005-12-15,0.33026,0.34027,0.33026,0.34027,1700,81.66528
2005-12-14,0.35028,0.35028,0.33026,0.34027,500,81.66528
2005-12-13,0.35028,0.35028,0.33026,0.35028,2500,84.0672
2005-12-12,0.34027,0.35028,0.33026,0.34027,1200,81.66528
2005-12-09,0.35028,0.35028,0.33026,0.33026,2400,79.26336
2005-12-08,0.34027,0.35028,0.34027,0.35028,700,84.0672
2005-12-07,0.35028,0.36029,0.34027,0.35028,2400,84.0672
2005-12-06,0.36029,0.3703,0.35028,0.36029,600,86.46912
2005-12-05,0.3703,0.3703,0.35028,0.36029,1100,86.46912
2005-12-02,0.3703,0.3803,0.35028,0.36029,2100,86.46912
2005-12-01,0.3803,0.3803,0.36029,0.3703,1500,88.87105
2005-11-30,0.3703,0.40032,0.34027,0.3703,8000,88.87105
2005-11-29,0.3703,0.3703,0.35028,0.3703,2500,88.87105
2005-11-28,0.35028,0.3803,0.35028,0.3803,2600,91.27296
2005-11-25,0.35028,0.36029,0.35028,0.35028,500,84.0672
2005-11-23,0.36029,0.36029,0.34027,0.36029,1100,86.46912
2005-11-22,0.36029,0.36029,0.35028,0.36029,1000,86.46912
2005-11-21,0.36029,0.3703,0.34027,0.36029,3500,86.46912
2005-11-18,0.36029,0.3703,0.35028,0.3703,1200,88.87105
2005-11-17,0.36029,0.3703,0.35028,0.3703,2500,88.87105
2005-11-16,0.3703,0.3803,0.36029,0.36029,1400,86.46912
2005-11-15,0.40032,0.40032,0.36029,0.3703,4100,88.87105
2005-11-14,0.46037,0.49039,0.36029,0.39031,20300,93.67488
2005-11-11,0.45036,0.46037,0.44035,0.46037,5900,110.48833
2005-11-10,0.43034,0.45036,0.42034,0.44035,4800,105.68448
2005-11-09,0.41033,0.43034,0.41033,0.43034,2000,103.28256
2005-11-08,0.41033,0.42034,0.40032,0.42034,1100,100.88065
2005-11-07,0.41033,0.42034,0.40032,0.42034,1600,100.88065
2005-11-04,0.40032,0.41033,0.40032,0.41033,1100,98.47872
2005-11-03,0.42034,0.42034,0.39031,0.40032,3200,96.07681
2005-11-02,0.43034,0.44035,0.39031,0.42034,4700,100.88065
2005-11-01,0.44035,0.44035,0.42034,0.44035,1400,105.68448
2005-10-31,0.43034,0.46037,0.42034,0.44035,4400,105.68448
2005-10-28,0.42034,0.44035,0.42034,0.44035,4800,105.68448
2005-10-27,0.41033,0.42034,0.40032,0.42034,3200,100.88065
2005-10-26,0.40032,0.42034,0.39031,0.41033,2500,98.47872
2005-10-25,0.41033,0.42034,0.40032,0.41033,1700,98.47872
2005-10-24,0.41033,0.42034,0.40032,0.41033,3800,98.47872
2005-10-21,0.3803,0.40032,0.3803,0.40032,1000,96.07681
2005-10-20,0.3803,0.39031,0.3703,0.3803,600,91.27296
2005-10-19,0.3803,0.3803,0.36029,0.3703,1200,88.87105
2005-10-18,0.39031,0.39031,0.3703,0.3803,1100,91.27296
2005-10-17,0.41033,0.41033,0.3703,0.39031,2000,93.67488
2005-10-14,0.41033,0.42034,0.39031,0.41033,2200,98.47872
2005-10-13,0.3803,0.41033,0.3803,0.40032,7100,96.07681
2005-10-12,0.3803,0.39031,0.3703,0.39031,2000,93.67488
2005-10-11,0.3703,0.39031,0.3703,0.3803,1400,91.27296
2005-10-10,0.3803,0.3803,0.36029,0.3703,1000,88.87105
2005-10-07,0.3703,0.3803,0.36029,0.3803,800,91.27296
2005-10-06,0.3803,0.39031,0.36029,0.3803,1300,91.27296
2005-10-05,0.3803,0.39031,0.3703,0.3803,1800,91.27296
2005-10-04,0.35028,0.3803,0.35028,0.3803,4300,91.27296
2005-10-03,0.36029,0.3703,0.35028,0.35028,2200,84.0672
2005-09-30,0.3703,0.3703,0.34027,0.36029,3500,86.46912
2005-09-29,0.39031,0.39031,0.35028,0.3703,8600,88.87105
2005-09-28,0.33026,0.3803,0.29023,0.3703,11100,88.87105
2005-09-27,0.34027,0.35028,0.31025,0.34027,4400,81.66528
2005-09-26,0.3703,0.3703,0.34027,0.35028,4100,84.0672
2005-09-23,0.36029,0.3703,0.36029,0.36029,300,86.46912
2005-09-22,0.3703,0.3703,0.36029,0.3703,500,88.87105
2005-09-21,0.3803,0.3803,0.36029,0.3703,1200,88.87105
2005-09-20,0.3803,0.39031,0.3703,0.3703,3900,88.87105
2005-09-19,0.39031,0.40032,0.3803,0.39031,1800,93.67488
2005-09-16,0.39031,0.40032,0.3803,0.3803,2100,91.27296
2005-09-15,0.39031,0.41033,0.39031,0.40032,1200,96.07681
2005-09-14,0.40032,0.40032,0.3803,0.40032,1700,96.07681
2005-09-13,0.40032,0.40032,0.39031,0.39031,500,93.67488
2005-09-12,0.40032,0.41033,0.39031,0.40032,2000,96.07681
2005-09-09,0.41033,0.41033,0.39031,0.41033,700,98.47872
2005-09-08,0.40032,0.41033,0.39031,0.40032,1000,96.07681
2005-09-07,0.43034,0.43034,0.40032,0.40032,1100,96.07681
2005-09-06,0.40032,0.43034,0.39031,0.42034,3500,100.88065
2005-09-02,0.39031,0.40032,0.3803,0.40032,1300,96.07681
2005-09-01,0.39031,0.40032,0.3803,0.40032,2000,96.07681
2005-08-31,0.3803,0.40032,0.3803,0.40032,300,96.07681
2005-08-30,0.3803,0.39031,0.3803,0.39031,1400,93.67488
2005-08-29,0.3803,0.39031,0.3803,0.3803,900,91.27296
2005-08-26,0.40032,0.40032,0.3803,0.3803,1100,91.27296
2005-08-25,0.40032,0.41033,0.39031,0.40032,2300,96.07681
2005-08-24,0.40032,0.40032,0.3803,0.39031,1900,93.67488
2005-08-23,0.40032,0.40032,0.39031,0.39031,1400,93.67488
2005-08-22,0.41033,0.42034,0.39031,0.41033,1400,98.47872
2005-08-19,0.40032,0.42034,0.40032,0.40032,600,96.07681
2005-08-18,0.41033,0.42034,0.40032,0.41033,1400,98.47872
2005-08-17,0.40032,0.42034,0.39031,0.42034,2700,100.88065
2005-08-16,0.42034,0.42034,0.3803,0.39031,9200,93.67488
2005-08-15,0.46037,0.46037,0.44035,0.45036,1700,108.0864
2005-08-12,0.47038,0.47038,0.44035,0.46037,2100,110.48833
2005-08-11,0.48038,0.49039,0.46037,0.48038,1100,115.29216
2005-08-10,0.49039,0.53042,0.46037,0.48038,6300,115.29216
2005-08-09,0.46037,0.5004,0.46037,0.48038,1800,115.29216
2005-08-08,0.46037,0.47038,0.44035,0.47038,900,112.89024
2005-08-05,0.45036,0.46037,0.44035,0.46037,1200,110.48833
2005-08-04,0.46037,0.47038,0.45036,0.46037,700,110.48833
2005-08-03,0.44035,0.48038,0.44035,0.45036,2200,108.0864
2005-08-02,0.45036,0.45036,0.44035,0.44035,800,105.68448
2005-08-01,0.45036,0.46037,0.44035,0.46037,1000,110.48833
2005-07-29,0.45036,0.47038,0.44035,0.45036,1200,108.0864
2005-07-28,0.44035,0.45036,0.43034,0.45036,600,108.0864
2005-07-27,0.45036,0.47038,0.43034,0.45036,1400,108.0864
2005-07-26,0.47038,0.47038,0.43034,0.45036,2000,108.0864
2005-07-25,0.48038,0.48038,0.45036,0.47038,1200,112.89024
2005-07-22,0.49039,0.49039,0.47038,0.49039,400,117.69408
2005-07-21,0.49039,0.49039,0.47038,0.48038,1500,115.29216
2005-07-20,0.5004,0.5004,0.48038,0.49039,1500,117.69408
2005-07-19,0.51041,0.51041,0.48038,0.5004,1400,120.096
2005-07-18,0.49039,0.5004,0.47038,0.5004,1500,120.096
2005-07-15,0.49039,0.49039,0.46037,0.48038,1200,115.29216
2005-07-14,0.49039,0.51041,0.45036,0.49039,6700,117.69408
2005-07-13,0.43034,0.5004,0.42034,0.48038,6800,115.29216
2005-07-12,0.43034,0.43034,0.42034,0.43034,600,103.28256
2005-07-11,0.42034,0.43034,0.41033,0.43034,900,103.28256
2005-07-08,0.43034,0.44035,0.42034,0.42034,500,100.88065
2005-07-07,0.42034,0.42034,0.41033,0.42034,1100,100.88065
2005-07-06,0.43034,0.43034,0.42034,0.43034,700,103.28256
2005-07-05,0.44035,0.44035,0.41033,0.43034,500,103.28256
2005-07-01,0.44035,0.44035,0.42034,0.44035,500,105.68448
2005-06-30,0.44035,0.44035,0.42034,0.43034,300,103.28256
2005-06-29,0.44035,0.44035,0.41033,0.44035,900,105.68448
2005-06-28,0.44035,0.45036,0.43034,0.44035,800,105.68448
2005-06-27,0.44035,0.45036,0.44035,0.45036,700,108.0864
2005-06-24,0.44035,0.44035,0.43034,0.44035,800,105.68448
2005-06-23,0.42034,0.44035,0.42034,0.43034,1400,103.28256
2005-06-22,0.44035,0.45036,0.42034,0.42034,1600,100.88065
2005-06-21,0.45036,0.45036,0.43034,0.44035,900,105.68448
2005-06-20,0.44035,0.45036,0.44035,0.45036,400,108.0864
2005-06-17,0.45036,0.46037,0.44035,0.45036,800,108.0864
2005-06-16,0.45036,0.46037,0.44035,0.45036,900,108.0864
2005-06-15,0.44035,0.45036,0.44035,0.45036,800,108.0864
2005-06-14,0.46037,0.46037,0.44035,0.45036,800,108.0864
2005-06-13,0.45036,0.46037,0.44035,0.45036,500,108.0864
2005-06-10,0.46037,0.46037,0.43034,0.45036,1100,108.0864
2005-06-09,0.46037,0.47038,0.45036,0.46037,1700,110.48833
2005-06-08,0.48038,0.49039,0.45036,0.47038,1800,112.89024
2005-06-07,0.49039,0.49039,0.47038,0.48038,800,115.29216
2005-06-06,0.51041,0.51041,0.48038,0.49039,1400,117.69408
2005-06-03,0.51041,0.52042,0.5004,0.51041,1300,122.49792
2005-06-02,0.54043,0.54043,0.5004,0.51041,2100,122.49792
2005-06-01,0.54043,0.54043,0.52042,0.53042,3000,127.30176
2005-05-31,0.49039,0.6205,0.48038,0.52042,16600,124.89985
2005-05-27,0.48038,0.49039,0.47038,0.48038,900,115.29216
2005-05-26,0.49039,0.49039,0.47038,0.48038,800,115.29216
2005-05-25,0.45036,0.5004,0.45036,0.48038,3600,115.29216
2005-05-24,0.44035,0.45036,0.43034,0.44035,1100,105.68448
2005-05-23,0.44035,0.45036,0.42034,0.44035,1400,105.68448
2005-05-20,0.44035,0.44035,0.41033,0.43034,1800,103.28256
2005-05-19,0.44035,0.46037,0.43034,0.44035,1200,105.68448
2005-05-18,0.41033,0.44035,0.41033,0.43034,1900,103.28256
2005-05-17,0.41033,0.41033,0.39031,0.41033,3800,98.47872
2005-05-16,0.5004,0.5004,0.3803,0.42034,9100,100.88065
2005-05-13,0.49039,0.51041,0.48038,0.49039,1400,117.69408
2005-05-12,0.48038,0.52042,0.48038,0.5004,2300,120.096
2005-05-11,0.48038,0.49039,0.47038,0.48038,800,115.29216
2005-05-10,0.47038,0.49039,0.47038,0.48038,400,115.29216
2005-05-09,0.48038,0.48038,0.46037,0.47038,500,112.89024
2005-05-06,0.49039,0.49039,0.46037,0.47038,500,112.89024
2005-05-05,0.48038,0.49039,0.47038,0.49039,200,117.69408
2005-05-04,0.49039,0.52042,0.48038,0.49039,1600,117.69408
2005-05-03,0.46037,0.51041,0.45036,0.5004,1600,120.096
2005-05-02,0.46037,0.47038,0.44035,0.46037,1200,110.48833
2005-04-29,0.48038,0.49039,0.45036,0.46037,1100,110.48833
2005-04-28,0.51041,0.52042,0.48038,0.49039,900,117.69408
2005-04-27,0.54043,0.54043,0.51041,0.52042,1100,124.89985
2005-04-26,0.52042,0.54043,0.51041,0.54043,700,129.70369
2005-04-25,0.54043,0.54043,0.52042,0.53042,2600,127.30176
2005-04-22,0.53042,0.54043,0.51041,0.53042,2400,127.30176
2005-04-21,0.47038,0.53042,0.46037,0.52042,2300,124.89985
2005-04-20,0.44035,0.48038,0.44035,0.47038,2800,112.89024
2005-04-19,0.44035,0.44035,0.42034,0.44035,1500,105.68448
2005-04-18,0.44035,0.45036,0.43034,0.44035,1900,105.68448
2005-04-15,0.47038,0.47038,0.45036,0.46037,1400,110.48833
2005-04-14,0.5004,0.51041,0.45036,0.47038,3900,112.89024
2005-04-13,0.52042,0.53042,0.5004,0.51041,1300,122.49792
2005-04-12,0.52042,0.53042,0.52042,0.52042,1000,124.89985
2005-04-11,0.52042,0.53042,0.51041,0.52042,1000,124.89985
2005-04-08,0.53042,0.53042,0.51041,0.51041,1900,122.49792
2005-04-07,0.53042,0.54043,0.51041,0.52042,1300,124.89985
2005-04-06,0.51041,0.54043,0.5004,0.53042,2500,127.30176
2005-04-05,0.54043,0.55044,0.5004,0.51041,7600,122.49792
2005-04-04,0.58046,0.58046,0.55044,0.55044,2300,132.10561
2005-04-01,0.59047,0.60048,0.57046,0.57046,2400,136.90944
2005-03-31,0.6305,0.6305,0.57046,0.58046,10700,139.31136
2005-03-30,0.82066,0.82066,0.61049,0.6305,18200,151.32095
2005-03-29,0.79063,0.83066,0.72058,0.74059,8000,177.7421
2005-03-28,0.72058,0.80064,0.72058,0.76061,5600,182.54591
2005-03-24,0.73058,0.73058,0.69055,0.71057,2500,170.53632
2005-03-23,0.67054,0.74059,0.66053,0.73058,4900,175.34016
2005-03-22,0.66053,0.67054,0.65052,0.66053,1600,158.52672
2005-03-21,0.65052,0.67054,0.64051,0.66053,1900,158.52672
2005-03-18,0.64051,0.66053,0.64051,0.66053,600,158.52672
2005-03-17,0.66053,0.66053,0.64051,0.64051,800,153.72289
2005-03-16,0.6305,0.66053,0.6305,0.65052,1700,156.1248
2005-03-15,0.6305,0.66053,0.6305,0.6305,1300,151.32095
2005-03-14,0.65052,0.65052,0.6305,0.64051,900,153.72289
2005-03-11,0.64051,0.66053,0.64051,0.65052,1300,156.1248
2005-03-10,0.66053,0.67054,0.6305,0.64051,2300,153.72289
2005-03-09,0.68054,0.71057,0.65052,0.65052,4100,156.1248
2005-03-08,0.68054,0.69055,0.66053,0.67054,1900,160.92865
2005-03-07,0.68054,0.71057,0.65052,0.68054,4400,163.33057
2005-03-04,0.67054,0.68054,0.66053,0.67054,1900,160.92865
2005-03-03,0.68054,0.69055,0.66053,0.67054,1800,160.92865
2005-03-02,0.68054,0.73058,0.64051,0.68054,6100,163.33057
2005-03-01,0.70056,0.72058,0.64051,0.66053,6900,158.52672
2005-02-28,0.54043,0.72058,0.54043,0.68054,14400,163.33057
2005-02-25,0.54043,0.55044,0.53042,0.54043,2400,129.70369
2005-02-24,0.57046,0.58046,0.54043,0.55044,2600,132.10561
2005-02-23,0.59047,0.59047,0.57046,0.57046,1400,136.90944
2005-02-22,0.59047,0.59047,0.56045,0.57046,2400,136.90944
2005-02-18,0.55044,0.60048,0.55044,0.59047,1100,141.71329
2005-02-17,0.61049,0.61049,0.59047,0.61049,800,146.51712
2005-02-16,0.60048,0.61049,0.59047,0.61049,1300,146.51712
2005-02-15,0.6205,0.6205,0.59047,0.59047,2100,141.71329
2005-02-14,0.6205,0.6205,0.60048,0.6205,1700,148.91905
2005-02-11,0.64051,0.65052,0.61049,0.6205,2400,148.91905
2005-02-10,0.64051,0.65052,0.6205,0.65052,1600,156.1248
2005-02-09,0.6205,0.67054,0.6205,0.6305,5000,151.32095
2005-02-08,0.59047,0.60048,0.57046,0.59047,1400,141.71329
2005-02-07,0.61049,0.61049,0.58046,0.60048,1900,144.1152
2005-02-04,0.6205,0.6205,0.60048,0.61049,1000,146.51712
2005-02-03,0.59047,0.6305,0.58046,0.6305,1700,151.32095
2005-02-02,0.61049,0.61049,0.58046,0.60048,1200,144.1152
2005-02-01,0.6305,0.6305,0.60048,0.61049,1000,146.51712
2005-01-31,0.60048,0.6205,0.59047,0.6205,1800,148.91905
2005-01-28,0.54043,0.6205,0.54043,0.60048,1500,144.1152
2005-01-27,0.6205,0.6205,0.57046,0.60048,5600,144.1152
2005-01-26,0.65052,0.66053,0.61049,0.6205,3500,148.91905
2005-01-25,0.69055,0.69055,0.65052,0.66053,1600,158.52672
2005-01-24,0.71057,0.71057,0.66053,0.69055,2300,165.73248
2005-01-21,0.68054,0.73058,0.67054,0.70056,2800,168.1344
2005-01-20,0.69055,0.70056,0.67054,0.68054,2200,163.33057
2005-01-19,0.71057,0.72058,0.69055,0.71057,2100,170.53632
2005-01-18,0.71057,0.74059,0.70056,0.70056,2400,168.1344
2005-01-14,0.70056,0.73058,0.69055,0.71057,1800,170.53632
2005-01-13,0.68054,0.70056,0.66053,0.70056,3000,168.1344
2005-01-12,0.72058,0.72058,0.66053,0.68054,4300,163.33057
2005-01-11,0.73058,0.73058,0.70056,0.71057,3300,170.53632
2005-01-10,0.73058,0.78062,0.69055,0.72058,10800,172.93825
2005-01-07,0.77062,0.77062,0.72058,0.73058,6300,175.34016
2005-01-06,0.78062,0.80064,0.7506,0.77062,5100,184.94785
2005-01-05,0.79063,0.83066,0.72058,0.79063,11500,189.75169
2005-01-04,0.81065,0.82066,0.79063,0.80064,3600,192.15361
2005-01-03,0.84067,0.85068,0.80064,0.82066,4800,196.95744
2004-12-31,0.85068,0.8707,0.82066,0.83066,5000,199.35936
2004-12-30,0.81065,0.8707,0.79063,0.84067,6600,201.76129
2004-12-29,0.82066,0.82066,0.79063,0.80064,3400,192.15361
2004-12-28,0.81065,0.81065,0.77062,0.81065,6500,194.55551
2004-12-27,0.84067,0.84067,0.79063,0.81065,4800,194.55551
2004-12-23,0.84067,0.85068,0.81065,0.83066,4500,199.35936
2004-12-22,0.82066,0.90072,0.80064,0.84067,14600,201.76129
2004-12-21,0.86069,0.8707,0.79063,0.83066,8300,199.35936
2004-12-20,0.83066,0.8707,0.82066,0.86069,12200,206.56512
2004-12-17,0.90072,0.93074,0.80064,0.83066,25200,199.35936
2004-12-16,0.76061,0.99079,0.76061,0.90072,74600,216.17281
2004-12-15,0.79063,0.79063,0.70056,0.7506,15300,180.144
2004-12-14,0.85068,0.85068,0.7506,0.76061,32100,182.54591
2004-12-13,0.74059,0.90072,0.73058,0.78062,74000,187.34976
2004-12-10,0.57046,0.77062,0.54043,0.68054,46900,163.33057
2004-12-09,0.67054,0.67054,0.52042,0.59047,40600,141.71329
2004-12-08,0.41033,0.65052,0.40032,0.6305,42800,151.32095
2004-12-07,0.41033,0.43034,0.41033,0.41033,3300,98.47872
2004-12-06,0.42034,0.43034,0.41033,0.42034,2300,100.88065
2004-12-03,0.40032,0.42034,0.40032,0.42034,2800,100.88065
2004-12-02,0.41033,0.42034,0.40032,0.40032,1500,96.07681
2004-12-01,0.40032,0.43034,0.40032,0.41033,3100,98.47872
2004-11-30,0.42034,0.42034,0.40032,0.40032,1800,96.07681
2004-11-29,0.42034,0.43034,0.41033,0.42034,2800,100.88065
2004-11-26,0.40032,0.43034,0.39031,0.43034,3500,103.28256
2004-11-24,0.39031,0.40032,0.3803,0.40032,800,96.07681
2004-11-23,0.39031,0.40032,0.3803,0.39031,3200,93.67488
2004-11-22,0.41033,0.42034,0.39031,0.40032,3100,96.07681
2004-11-19,0.40032,0.41033,0.39031,0.40032,1200,96.07681
2004-11-18,0.3803,0.41033,0.3803,0.40032,1900,96.07681
2004-11-17,0.39031,0.39031,0.3703,0.3803,3400,91.27296
2004-11-16,0.42034,0.43034,0.36029,0.39031,7800,93.67488
2004-11-15,0.45036,0.45036,0.41033,0.42034,6900,100.88065
2004-11-12,0.48038,0.51041,0.43034,0.46037,7200,110.48833
2004-11-11,0.46037,0.49039,0.43034,0.48038,5800,115.29216
2004-11-10,0.43034,0.47038,0.43034,0.46037,3900,110.48833
2004-11-09,0.44035,0.45036,0.43034,0.44035,700,105.68448
2004-11-08,0.45036,0.45036,0.42034,0.44035,2200,105.68448
2004-11-05,0.45036,0.45036,0.43034,0.45036,800,108.0864
2004-11-04,0.45036,0.45036,0.43034,0.45036,600,108.0864
2004-11-03,0.43034,0.46037,0.43034,0.45036,1300,108.0864
2004-11-02,0.44035,0.45036,0.43034,0.43034,700,103.28256
2004-11-01,0.45036,0.45036,0.42034,0.43034,900,103.28256
2004-10-29,0.43034,0.44035,0.42034,0.44035,1200,105.68448
2004-10-28,0.46037,0.48038,0.44035,0.44035,1700,105.68448
2004-10-27,0.41033,0.47038,0.41033,0.46037,5500,110.48833
2004-10-26,0.41033,0.42034,0.41033,0.41033,500,98.47872
2004-10-25,0.42034,0.44035,0.40032,0.41033,2800,98.47872
2004-10-22,0.42034,0.44035,0.41033,0.42034,1200,100.88065
2004-10-21,0.41033,0.43034,0.41033,0.41033,1200,98.47872
2004-10-20,0.43034,0.44035,0.41033,0.41033,2200,98.47872
2004-10-19,0.44035,0.45036,0.42034,0.44035,1300,105.68448
2004-10-18,0.44035,0.45036,0.43034,0.44035,700,105.68448
2004-10-15,0.46037,0.46037,0.44035,0.44035,900,105.68448
2004-10-14,0.46037,0.46037,0.44035,0.46037,1700,110.48833
2004-10-13,0.45036,0.46037,0.44035,0.46037,1400,110.48833
2004-10-12,0.45036,0.45036,0.44035,0.45036,1600,108.0864
2004-10-11,0.45036,0.46037,0.45036,0.45036,400,108.0864
2004-10-08,0.46037,0.47038,0.45036,0.46037,600,110.48833
2004-10-07,0.46037,0.47038,0.45036,0.46037,600,110.48833
2004-10-06,0.47038,0.47038,0.45036,0.46037,700,110.48833
2004-10-05,0.46037,0.47038,0.45036,0.46037,900,110.48833
2004-10-04,0.46037,0.48038,0.46037,0.47038,600,112.89024
2004-10-01,0.46037,0.47038,0.45036,0.46037,400,110.48833
2004-09-30,0.46037,0.47038,0.45036,0.47038,200,112.89024
2004-09-29,0.46037,0.47038,0.44035,0.47038,1100,112.89024
2004-09-28,0.47038,0.48038,0.45036,0.46037,1000,110.48833
2004-09-27,0.49039,0.49039,0.45036,0.47038,1500,112.89024
2004-09-24,0.56045,0.56045,0.48038,0.5004,1800,120.096
2004-09-23,0.48038,0.52042,0.45036,0.51041,3700,122.49792
2004-09-22,0.47038,0.49039,0.46037,0.48038,3700,115.29216
2004-09-21,0.44035,0.46037,0.43034,0.46037,1900,110.48833
2004-09-20,0.45036,0.45036,0.43034,0.43034,1900,103.28256
2004-09-17,0.45036,0.46037,0.44035,0.45036,900,108.0864
2004-09-16,0.45036,0.46037,0.44035,0.45036,1100,108.0864
2004-09-15,0.45036,0.46037,0.44035,0.45036,900,108.0864
2004-09-14,0.45036,0.46037,0.44035,0.45036,1100,108.0864
2004-09-13,0.44035,0.45036,0.43034,0.45036,1100,108.0864
2004-09-10,0.43034,0.45036,0.43034,0.44035,1300,105.68448
2004-09-09,0.44035,0.45036,0.43034,0.44035,800,105.68448
2004-09-08,0.45036,0.45036,0.43034,0.45036,700,108.0864
2004-09-07,0.47038,0.47038,0.44035,0.46037,600,110.48833
2004-09-03,0.44035,0.46037,0.44035,0.46037,700,110.48833
2004-09-02,0.46037,0.46037,0.44035,0.45036,600,108.0864
2004-09-01,0.43034,0.46037,0.43034,0.46037,1600,110.48833
2004-08-31,0.43034,0.44035,0.42034,0.43034,800,103.28256
2004-08-30,0.45036,0.45036,0.42034,0.43034,400,103.28256
2004-08-27,0.47038,0.47038,0.44035,0.44035,1100,105.68448
2004-08-26,0.44035,0.48038,0.43034,0.46037,2400,110.48833
2004-08-25,0.41033,0.44035,0.41033,0.44035,2700,105.68448
2004-08-24,0.42034,0.44035,0.41033,0.42034,600,100.88065
2004-08-23,0.43034,0.43034,0.41033,0.43034,1300,103.28256
2004-08-20,0.44035,0.44035,0.40032,0.43034,3900,103.28256
2004-08-19,0.45036,0.46037,0.43034,0.43034,1700,103.28256
2004-08-18,0.43034,0.46037,0.43034,0.45036,2000,108.0864
2004-08-17,0.47038,0.47038,0.43034,0.44035,3200,105.68448
2004-08-16,0.52042,0.52042,0.45036,0.47038,5200,112.89024
2004-08-13,0.55044,0.56045,0.49039,0.52042,8300,124.89985
2004-08-12,0.49039,0.5004,0.47038,0.47038,800,112.89024
2004-08-11,0.48038,0.5004,0.47038,0.49039,800,117.69408
2004-08-10,0.5004,0.5004,0.47038,0.49039,800,117.69408
2004-08-09,0.5004,0.5004,0.47038,0.5004,900,120.096
2004-08-06,0.5004,0.5004,0.47038,0.5004,1800,120.096
2004-08-05,0.51041,0.51041,0.49039,0.51041,500,122.49792
2004-08-04,0.5004,0.52042,0.49039,0.51041,600,122.49792
2004-08-03,0.51041,0.51041,0.49039,0.51041,500,122.49792
2004-08-02,0.51041,0.52042,0.5004,0.5004,1700,120.096
2004-07-30,0.52042,0.53042,0.51041,0.53042,500,127.30176
2004-07-29,0.53042,0.55044,0.51041,0.53042,900,127.30176
2004-07-28,0.54043,0.54043,0.51041,0.52042,800,124.89985
2004-07-27,0.5004,0.54043,0.49039,0.54043,2100,129.70369
2004-07-26,0.5004,0.51041,0.47038,0.5004,900,120.096
2004-07-23,0.5004,0.5004,0.48038,0.48038,1200,115.29216
2004-07-22,0.52042,0.53042,0.49039,0.5004,1700,120.096
2004-07-21,0.51041,0.56045,0.5004,0.51041,1300,122.49792
2004-07-20,0.49039,0.54043,0.48038,0.52042,4900,124.89985
2004-07-19,0.53042,0.54043,0.46037,0.46037,3600,110.48833
2004-07-16,0.56045,0.56045,0.52042,0.54043,1100,129.70369
2004-07-15,0.59047,0.59047,0.55044,0.57046,700,136.90944
2004-07-14,0.55044,0.60048,0.54043,0.56045,1800,134.50752
2004-07-13,0.54043,0.56045,0.54043,0.55044,1600,132.10561
2004-07-12,0.6305,0.6305,0.53042,0.56045,5500,134.50752
2004-07-09,0.6305,0.64051,0.61049,0.6205,1000,148.91905
2004-07-08,0.66053,0.66053,0.6205,0.6205,1800,148.91905
2004-07-07,0.68054,0.69055,0.6305,0.66053,3600,158.52672
2004-07-06,0.70056,0.72058,0.68054,0.68054,3700,163.33057
2004-07-02,0.66053,0.71057,0.65052,0.69055,4800,165.73248
2004-07-01,0.65052,0.66053,0.6305,0.66053,1200,158.52672
2004-06-30,0.65052,0.67054,0.64051,0.65052,2100,156.1248
2004-06-29,0.66053,0.67054,0.64051,0.67054,2200,160.92865
2004-06-28,0.67054,0.69055,0.64051,0.66053,1300,158.52672
2004-06-25,0.69055,0.69055,0.64051,0.67054,2000,160.92865
2004-06-24,0.6305,0.70056,0.6305,0.68054,2400,163.33057
2004-06-23,0.65052,0.66053,0.6305,0.64051,900,153.72289
2004-06-22,0.67054,0.67054,0.6305,0.66053,800,158.52672
2004-06-21,0.6305,0.68054,0.6305,0.66053,900,158.52672
2004-06-18,0.65052,0.67054,0.6305,0.65052,1200,156.1248
2004-06-17,0.69055,0.69055,0.65052,0.65052,2200,156.1248
2004-06-16,0.67054,0.71057,0.67054,0.68054,1300,163.33057
2004-06-15,0.72058,0.74059,0.67054,0.67054,2700,160.92865
2004-06-14,0.70056,0.79063,0.70056,0.72058,8400,172.93825
2004-06-10,0.69055,0.70056,0.66053,0.68054,2400,163.33057
2004-06-09,0.65052,0.70056,0.65052,0.67054,7000,160.92865
2004-06-08,0.6205,0.65052,0.61049,0.6305,2500,151.32095
2004-06-07,0.64051,0.65052,0.61049,0.6305,6400,151.32095
2004-06-04,0.67054,0.68054,0.6305,0.65052,5800,156.1248
2004-06-03,0.73058,0.73058,0.60048,0.67054,6100,160.92865
2004-06-02,0.74059,0.74059,0.70056,0.73058,2100,175.34016
2004-06-01,0.74059,0.7506,0.72058,0.73058,1900,175.34016
2004-05-28,0.74059,0.77062,0.73058,0.74059,3200,177.7421
2004-05-27,0.77062,0.77062,0.73058,0.74059,3200,177.7421
2004-05-26,0.73058,0.76061,0.70056,0.76061,4700,182.54591
2004-05-25,0.71057,0.73058,0.70056,0.73058,2900,175.34016
2004-05-24,0.70056,0.7506,0.70056,0.72058,3200,172.93825
2004-05-21,0.73058,0.7506,0.68054,0.71057,4800,170.53632
2004-05-20,0.73058,0.77062,0.71057,0.73058,2700,175.34016
2004-05-19,0.73058,0.78062,0.72058,0.73058,6000,175.34016
2004-05-18,0.84067,0.84067,0.72058,0.72058,12200,172.93825
2004-05-17,0.86069,0.8707,0.78062,0.83066,5500,199.35936
2004-05-14,0.96077,0.98078,0.83066,0.85068,9800,204.16321
2004-05-13,0.95076,1.0008,0.95076,0.95076,5200,228.1824
2004-05-12,0.92074,0.96077,0.91073,0.95076,3700,228.1824
2004-05-11,0.96077,0.98078,0.91073,0.95076,4600,228.1824
2004-05-10,1.02082,1.05084,0.89071,0.96077,13500,230.58432
2004-05-07,0.97078,1.06085,0.96077,1.02082,23800,244.99585
2004-05-06,0.89071,0.97078,0.8807,0.95076,7500,228.1824
2004-05-05,0.8807,0.8807,0.85068,0.8807,1300,211.36896
2004-05-04,0.84067,0.86069,0.82066,0.85068,1700,204.16321
2004-05-03,0.85068,0.8707,0.83066,0.84067,1700,201.76129
2004-04-30,0.8707,0.90072,0.82066,0.83066,4700,199.35936
2004-04-29,0.90072,0.92074,0.8707,0.90072,6000,216.17281
2004-04-28,0.81065,0.89071,0.81065,0.89071,3300,213.77089
2004-04-27,0.85068,0.86069,0.82066,0.83066,1900,199.35936
2004-04-26,0.86069,0.86069,0.82066,0.84067,2300,201.76129
2004-04-23,0.86069,0.89071,0.83066,0.86069,3500,206.56512
2004-04-22,0.78062,0.84067,0.78062,0.84067,3600,201.76129
2004-04-21,0.83066,0.84067,0.77062,0.79063,8600,189.75169
2004-04-20,0.85068,0.86069,0.84067,0.84067,2400,201.76129
2004-04-19,0.8807,0.8807,0.85068,0.85068,3300,204.16321
2004-04-16,0.91073,0.92074,0.8707,0.8807,1800,211.36896
2004-04-15,0.8807,0.93074,0.8807,0.89071,2000,213.77089
2004-04-14,0.8707,0.93074,0.86069,0.8807,3100,211.36896
2004-04-13,0.90072,0.90072,0.85068,0.89071,5600,213.77089
2004-04-12,0.91073,0.94075,0.8807,0.89071,4900,213.77089
2004-04-08,0.97078,0.99079,0.91073,0.93074,3400,223.37856
2004-04-07,0.8807,0.97078,0.8707,0.95076,5500,228.1824
2004-04-06,0.8807,0.90072,0.85068,0.8807,5000,211.36896
2004-04-05,0.93074,0.93074,0.8807,0.89071,4200,213.77089
2004-04-02,0.96077,0.96077,0.91073,0.92074,4700,220.97665
2004-04-01,0.98078,0.98078,0.92074,0.93074,10900,223.37856
2004-03-31,0.90072,1.04083,0.82066,0.98078,28600,235.38817
2004-03-30,1.04083,1.04083,0.90072,0.92074,17600,220.97665
2004-03-29,0.94075,1.05084,0.92074,1.04083,10800,249.7997
2004-03-26,0.93074,0.96077,0.90072,0.91073,4200,218.57472
2004-03-25,0.90072,0.97078,0.90072,0.94075,9400,225.78049
2004-03-24,0.92074,0.94075,0.8707,0.89071,4800,213.77089
2004-03-23,0.96077,1.05084,0.92074,0.92074,15500,220.97665
2004-03-22,0.91073,1.05084,0.86069,0.96077,27500,230.58432
2004-03-19,0.73058,0.98078,0.73058,0.90072,45000,216.17281
2004-03-18,0.73058,0.73058,0.67054,0.69055,2900,165.73248
2004-03-17,0.76061,0.76061,0.70056,0.72058,2000,172.93825
2004-03-16,0.76061,0.77062,0.68054,0.72058,3400,172.93825
2004-03-15,0.78062,0.79063,0.7506,0.76061,1700,182.54591
2004-03-12,0.77062,0.78062,0.76061,0.78062,1000,187.34976
2004-03-11,0.78062,0.79063,0.7506,0.78062,2200,187.34976
2004-03-10,0.78062,0.80064,0.77062,0.78062,2300,187.34976
2004-03-09,0.82066,0.83066,0.77062,0.78062,2100,187.34976
2004-03-08,0.82066,0.83066,0.79063,0.81065,2100,194.55551
2004-03-05,0.85068,0.86069,0.79063,0.80064,4500,192.15361
2004-03-04,0.81065,0.82066,0.76061,0.82066,3600,196.95744
2004-03-03,0.79063,0.79063,0.7506,0.78062,2100,187.34976
2004-03-02,0.81065,0.81065,0.7506,0.77062,3800,184.94785
2004-03-01,0.85068,0.86069,0.79063,0.81065,4800,194.55551
2004-02-27,0.82066,0.85068,0.81065,0.84067,3800,201.76129
2004-02-26,0.77062,0.79063,0.76061,0.78062,2300,187.34976
2004-02-25,0.70056,0.77062,0.70056,0.7506,6200,180.144
2004-02-24,0.76061,0.77062,0.71057,0.72058,5700,172.93825
2004-02-23,0.80064,0.85068,0.76061,0.78062,3600,187.34976
2004-02-20,0.81065,0.83066,0.77062,0.81065,6900,194.55551
2004-02-19,0.8807,0.8807,0.79063,0.82066,5000,196.95744
2004-02-18,0.8807,0.89071,0.86069,0.8707,6900,208.96704
2004-02-17,0.8807,0.95076,0.85068,0.8707,8000,208.96704
2004-02-13,0.83066,0.89071,0.83066,0.8807,3700,211.36896
2004-02-12,0.83066,0.8707,0.83066,0.83066,3700,199.35936
2004-02-11,0.8707,0.89071,0.82066,0.85068,5300,204.16321
2004-02-10,0.86069,0.90072,0.85068,0.8707,2900,208.96704
2004-02-09,0.98078,0.98078,0.85068,0.86069,2900,206.56512
2004-02-06,0.85068,0.92074,0.83066,0.90072,16200,216.17281
2004-02-05,0.97078,0.98078,0.8807,0.8807,9200,211.36896
2004-02-04,1.05084,1.06085,0.98078,0.99079,10100,237.79008
2004-02-03,1.08086,1.1309,1.04083,1.06085,10200,254.60352
2004-02-02,1.0008,1.15092,1.0008,1.07086,21100,257.00543
2004-01-30,1.07086,1.08086,0.96077,1.0008,10100,240.192
2004-01-29,0.92074,1.1209,0.92074,1.03082,32600,247.39777
2004-01-28,0.94075,0.99079,0.90072,0.92074,8600,220.97665
2004-01-27,0.98078,0.99079,0.90072,0.92074,8300,220.97665
2004-01-26,0.85068,1.01081,0.84067,0.97078,27800,232.98625
2004-01-23,0.83066,0.85068,0.78062,0.84067,5100,201.76129
2004-01-22,0.91073,0.92074,0.80064,0.83066,10700,199.35936
2004-01-21,0.84067,0.96077,0.83066,0.8707,34900,208.96704
2004-01-20,0.77062,0.84067,0.74059,0.83066,10200,199.35936
2004-01-16,0.74059,0.76061,0.73058,0.74059,4400,177.7421
2004-01-15,0.7506,0.78062,0.71057,0.73058,5600,175.34016
2004-01-14,0.67054,0.77062,0.67054,0.76061,19500,182.54591
2004-01-13,0.68054,0.70056,0.67054,0.67054,4200,160.92865
2004-01-12,0.70056,0.72058,0.67054,0.68054,4400,163.33057
2004-01-09,0.72058,0.73058,0.68054,0.70056,2200,168.1344
2004-01-08,0.71057,0.73058,0.70056,0.72058,5400,172.93825
2004-01-07,0.66053,0.72058,0.65052,0.70056,8200,168.1344
2004-01-06,0.68054,0.68054,0.65052,0.66053,3800,158.52672
2004-01-05,0.70056,0.71057,0.67054,0.68054,2400,163.33057
2004-01-02,0.71057,0.72058,0.68054,0.70056,1400,168.1344
2003-12-31,0.71057,0.71057,0.67054,0.67054,2300,160.92865
2003-12-30,0.73058,0.74059,0.69055,0.70056,2000,168.1344
2003-12-29,0.72058,0.74059,0.68054,0.74059,3600,177.7421
2003-12-26,0.68054,0.72058,0.67054,0.72058,2600,172.93825
2003-12-24,0.66053,0.68054,0.65052,0.67054,500,160.92865
2003-12-23,0.67054,0.67054,0.65052,0.66053,1600,158.52672
2003-12-22,0.67054,0.68054,0.65052,0.66053,2600,158.52672
2003-12-19,0.71057,0.74059,0.67054,0.67054,4900,160.92865
2003-12-18,0.6205,0.71057,0.6205,0.71057,9600,170.53632
2003-12-17,0.67054,0.67054,0.60048,0.6305,5900,151.32095
2003-12-16,0.69055,0.70056,0.6305,0.66053,6500,158.52672
2003-12-15,0.72058,0.73058,0.67054,0.69055,3400,165.73248
2003-12-12,0.73058,0.74059,0.66053,0.71057,10600,170.53632
2003-12-11,0.77062,0.77062,0.70056,0.74059,7200,177.7421
2003-12-10,0.86069,0.92074,0.76061,0.76061,11800,182.54591
2003-12-09,0.85068,0.91073,0.80064,0.8707,8200,208.96704
2003-12-08,0.76061,0.86069,0.76061,0.80064,18600,192.15361
2003-12-05,0.70056,0.74059,0.66053,0.73058,4500,175.34016
2003-12-04,0.72058,0.73058,0.67054,0.69055,3600,165.73248
2003-12-03,0.69055,0.7506,0.69055,0.71057,7500,170.53632
2003-12-02,0.74059,0.78062,0.68054,0.69055,14200,165.73248
2003-12-01,0.61049,0.77062,0.61049,0.76061,22400,182.54591
2003-11-28,0.6305,0.6305,0.61049,0.6305,1700,151.32095
2003-11-26,0.60048,0.6305,0.59047,0.6205,3400,148.91905
2003-11-25,0.6205,0.6205,0.58046,0.59047,3500,141.71329
2003-11-24,0.56045,0.67054,0.56045,0.6205,13200,148.91905
2003-11-21,0.56045,0.65052,0.56045,0.61049,20300,146.51712
2003-11-20,0.55044,0.56045,0.52042,0.56045,3200,134.50752
2003-11-19,0.53042,0.55044,0.51041,0.55044,5600,132.10561
2003-11-18,0.56045,0.57046,0.51041,0.52042,5500,124.89985
2003-11-17,0.58046,0.58046,0.53042,0.55044,5700,132.10561
2003-11-14,0.68054,0.69055,0.57046,0.60048,27300,144.1152
2003-11-13,0.57046,0.57046,0.55044,0.57046,2700,136.90944
2003-11-12,0.56045,0.60048,0.55044,0.56045,3100,134.50752
2003-11-11,0.56045,0.57046,0.54043,0.56045,2200,134.50752
2003-11-10,0.59047,0.59047,0.5004,0.54043,4000,129.70369
2003-11-07,0.6305,0.64051,0.57046,0.59047,6100,141.71329
2003-11-06,0.53042,0.65052,0.51041,0.6305,19600,151.32095
2003-11-05,0.55044,0.57046,0.5004,0.54043,8500,129.70369
2003-11-04,0.47038,0.57046,0.47038,0.54043,19500,129.70369
2003-11-03,0.45036,0.47038,0.44035,0.47038,3600,112.89024
2003-10-31,0.44035,0.46037,0.44035,0.46037,1100,110.48833
2003-10-30,0.48038,0.48038,0.44035,0.44035,2000,105.68448
2003-10-29,0.43034,0.47038,0.42034,0.45036,3700,108.0864
2003-10-28,0.45036,0.45036,0.43034,0.43034,700,103.28256
2003-10-27,0.44035,0.46037,0.44035,0.45036,900,108.0864
2003-10-24,0.43034,0.46037,0.43034,0.45036,2100,108.0864
2003-10-23,0.45036,0.46037,0.44035,0.45036,1600,108.0864
2003-10-22,0.47038,0.47038,0.45036,0.45036,2000,108.0864
2003-10-21,0.47038,0.48038,0.46037,0.47038,1300,112.89024
2003-10-20,0.46037,0.48038,0.46037,0.47038,1500,112.89024
2003-10-17,0.48038,0.49039,0.46037,0.47038,1100,112.89024
2003-10-16,0.47038,0.48038,0.46037,0.48038,800,115.29216
2003-10-15,0.48038,0.49039,0.46037,0.47038,1700,112.89024
2003-10-14,0.49039,0.5004,0.47038,0.48038,1200,115.29216
2003-10-13,0.47038,0.5004,0.47038,0.49039,2800,117.69408
2003-10-10,0.49039,0.5004,0.46037,0.47038,3700,112.89024
2003-10-09,0.46037,0.52042,0.45036,0.5004,10100,120.096
2003-10-08,0.46037,0.46037,0.44035,0.46037,1400,110.48833
2003-10-07,0.46037,0.47038,0.44035,0.46037,2100,110.48833
2003-10-06,0.46037,0.48038,0.46037,0.46037,1300,110.48833
2003-10-03,0.47038,0.48038,0.46037,0.47038,2600,112.89024
2003-10-02,0.47038,0.48038,0.46037,0.46037,1100,110.48833
2003-10-01,0.46037,0.49039,0.45036,0.47038,2300,112.89024
2003-09-30,0.48038,0.48038,0.43034,0.45036,3400,108.0864
2003-09-29,0.48038,0.51041,0.47038,0.48038,3400,115.29216
2003-09-26,0.54043,0.54043,0.42034,0.47038,15300,112.89024
2003-09-25,0.57046,0.59047,0.51041,0.53042,4100,127.30176
2003-09-24,0.58046,0.59047,0.54043,0.57046,6100,136.90944
2003-09-23,0.64051,0.64051,0.55044,0.59047,4900,141.71329
2003-09-22,0.66053,0.67054,0.6205,0.64051,4100,153.72289
2003-09-19,0.58046,0.64051,0.57046,0.6205,11600,148.91905
2003-09-18,0.52042,0.56045,0.5004,0.56045,6100,134.50752
2003-09-17,0.53042,0.54043,0.5004,0.51041,2300,122.49792
2003-09-16,0.49039,0.55044,0.48038,0.53042,4700,127.30176
2003-09-15,0.51041,0.51041,0.48038,0.48038,1600,115.29216
2003-09-12,0.51041,0.52042,0.48038,0.48038,2600,115.29216
2003-09-11,0.55044,0.56045,0.5004,0.52042,3900,124.89985
2003-09-10,0.49039,0.55044,0.47038,0.54043,9600,129.70369
2003-09-09,0.46037,0.46037,0.44035,0.45036,2500,108.0864
2003-09-08,0.47038,0.47038,0.45036,0.46037,1700,110.48833
2003-09-05,0.45036,0.47038,0.45036,0.47038,2200,112.89024
2003-09-04,0.47038,0.47038,0.45036,0.45036,900,108.0864
2003-09-03,0.48038,0.48038,0.45036,0.46037,1400,110.48833
2003-09-02,0.49039,0.49039,0.47038,0.48038,2100,115.29216
2003-08-29,0.47038,0.5004,0.46037,0.47038,2100,112.89024
2003-08-28,0.47038,0.47038,0.45036,0.46037,2800,110.48833
2003-08-27,0.51041,0.51041,0.46037,0.47038,3700,112.89024
2003-08-26,0.51041,0.53042,0.49039,0.5004,2000,120.096
2003-08-25,0.52042,0.55044,0.47038,0.51041,5000,122.49792
2003-08-22,0.53042,0.57046,0.48038,0.52042,2900,124.89985
2003-08-21,0.46037,0.53042,0.44035,0.52042,6200,124.89985
2003-08-20,0.5004,0.5004,0.43034,0.45036,6900,108.0864
2003-08-19,0.56045,0.56045,0.49039,0.5004,10100,120.096
2003-08-18,0.57046,0.59047,0.55044,0.56045,7900,134.50752
2003-08-15,0.55044,0.68054,0.5004,0.57046,1700,136.90944
2003-08-14,0.69055,0.72058,0.65052,0.65052,7700,156.1248
2003-08-13,0.57046,0.66053,0.54043,0.65052,11900,156.1248
2003-08-12,0.55044,0.58046,0.54043,0.55044,3500,132.10561
2003-08-11,0.6205,0.65052,0.55044,0.55044,12600,132.10561
2003-08-08,0.56045,0.61049,0.56045,0.59047,3800,141.71329
2003-08-07,0.51041,0.54043,0.5004,0.54043,2200,129.70369
2003-08-06,0.53042,0.55044,0.5004,0.52042,2400,124.89985
2003-08-05,0.55044,0.56045,0.51041,0.54043,3300,129.70369
2003-08-04,0.60048,0.60048,0.54043,0.57046,2600,136.90944
2003-08-01,0.61049,0.6205,0.55044,0.60048,2100,144.1152
2003-07-31,0.6205,0.65052,0.57046,0.60048,5100,144.1152
2003-07-30,0.60048,0.60048,0.48038,0.59047,10900,141.71329
2003-07-29,0.66053,0.66053,0.57046,0.60048,8100,144.1152
2003-07-28,0.73058,0.73058,0.65052,0.67054,4700,160.92865
2003-07-25,0.74059,0.74059,0.69055,0.71057,2000,170.53632
2003-07-24,0.71057,0.7506,0.69055,0.72058,3400,172.93825
2003-07-23,0.78062,0.78062,0.70056,0.71057,3200,170.53632
2003-07-22,0.81065,0.81065,0.74059,0.76061,3900,182.54591
2003-07-21,0.70056,0.78062,0.69055,0.77062,8000,184.94785
2003-07-18,0.71057,0.73058,0.67054,0.69055,3500,165.73248
2003-07-17,0.73058,0.77062,0.68054,0.71057,5100,170.53632
2003-07-16,0.79063,0.79063,0.73058,0.74059,4000,177.7421
2003-07-15,0.80064,0.81065,0.7506,0.77062,5300,184.94785
2003-07-14,0.84067,0.85068,0.78062,0.79063,4900,189.75169
2003-07-11,0.78062,0.82066,0.72058,0.82066,6200,196.95744
2003-07-10,0.81065,0.81065,0.7506,0.77062,7900,184.94785
2003-07-09,0.8707,0.90072,0.79063,0.82066,11200,196.95744
2003-07-08,0.90072,0.94075,0.83066,0.85068,13800,204.16321
2003-07-07,0.90072,0.95076,0.85068,0.8807,19300,211.36896
2003-07-03,0.77062,0.81065,0.69055,0.78062,9000,187.34976
2003-07-02,0.72058,0.82066,0.70056,0.80064,16800,192.15361
2003-07-01,0.69055,0.73058,0.6305,0.64051,12700,153.72289
2003-06-30,0.8707,0.8807,0.72058,0.73058,16000,175.34016
2003-06-27,0.71057,0.85068,0.58046,0.80064,46100,192.15361
2003-06-26,0.95076,1.14091,0.7506,0.78062,44500,187.34976
2003-06-25,0.51041,0.78062,0.51041,0.78062,30500,187.34976
2003-06-24,0.41033,0.54043,0.40032,0.49039,25700,117.69408
2003-06-23,0.34027,0.43034,0.34027,0.39031,17000,93.67488
2003-06-20,0.31025,0.33026,0.31025,0.33026,4100,79.26336
2003-06-19,0.32026,0.32026,0.29023,0.31025,4300,74.45953
2003-06-18,0.33026,0.34027,0.29023,0.29023,7900,69.65568
2003-06-17,0.29023,0.36029,0.29023,0.30024,25200,72.0576
2003-06-16,0.23018,0.29023,0.23018,0.29023,12800,69.65568
2003-06-13,0.24019,0.24019,0.21017,0.23018,3000,55.24416
2003-06-12,0.27022,0.28022,0.24019,0.24019,5000,57.64608
2003-06-11,0.23018,0.30024,0.22018,0.27022,12400,64.85184
2003-06-10,0.23018,0.24019,0.23018,0.23018,2300,55.24416
2003-06-09,0.22018,0.24019,0.21017,0.24019,3300,57.64608
2003-06-06,0.2502,0.26021,0.21017,0.22018,6800,52.84224
2003-06-05,0.28022,0.29023,0.22018,0.2502,7900,60.048
2003-06-04,0.22018,0.28022,0.20016,0.27022,27000,64.85184
2003-06-03,0.21017,0.22018,0.20016,0.21017,7800,50.44032
2003-06-02,0.20016,0.23018,0.19015,0.21017,20200,50.44032
2003-05-30,0.20016,0.22018,0.19015,0.20016,4000,48.0384
2003-05-29,0.21017,0.21017,0.19015,0.20016,1800,48.0384
2003-05-28,0.22018,0.23018,0.20016,0.21017,9600,50.44032
2003-05-27,0.18014,0.24019,0.18014,0.21017,8400,50.44032
2003-05-23,0.20016,0.21017,0.18014,0.18014,1900,43.23456
2003-05-22,0.21017,0.22018,0.18014,0.19015,3700,45.63648
2003-05-21,0.21017,0.2502,0.19015,0.22018,5800,52.84224
2003-05-20,0.28022,0.28022,0.20016,0.22018,9800,52.84224
2003-05-19,0.20016,0.32026,0.20016,0.27022,19400,64.85184
2003-05-16,0.21017,0.23018,0.16013,0.18014,15300,43.23456
2003-05-15,0.1201,0.15012,0.10008,0.15012,4400,36.0288
2003-05-14,0.10008,0.1201,0.10008,0.11009,800,26.42112
2003-05-13,0.1201,0.1301,0.10008,0.10008,3300,24.0192
2003-05-12,0.11009,0.15012,0.09007,0.1201,10500,28.82304
2003-05-09,0.08006,0.11009,0.08006,0.09007,6000,21.61728
2003-05-08,0.10008,0.10008,0.07006,0.08006,700,19.21536
2003-05-07,0.07006,0.08006,0.07006,0.07006,100,16.81344
2003-05-06,0.09007,0.09007,0.07006,0.07006,600,16.81344
2003-05-05,0.08006,0.09007,0.07006,0.08006,3400,19.21536
2003-05-02,0.06005,0.07006,0.06005,0.07006,000,16.81344
2003-05-01,0.07006,0.07006,0.07006,0.07006,000,16.81344
2003-04-30,0.07006,0.08006,0.06005,0.08006,600,19.21536
2003-04-29,0.06005,0.07006,0.06005,0.07006,000,16.81344
2003-04-28,0.07006,0.07006,0.06005,0.06005,400,14.41152
2003-04-25,0.07006,0.07006,0.06005,0.07006,200,16.81344
2003-04-24,0.06005,0.07006,0.06005,0.07006,200,16.81344
2003-04-23,0.06005,0.07006,0.06005,0.06005,000,14.41152
2003-04-22,0.07006,0.07006,0.06005,0.07006,100,16.81344
2003-04-21,0.07006,0.08006,0.06005,0.07006,500,16.81344
2003-04-17,0.08006,0.08006,0.07006,0.07006,100,16.81344
2003-04-16,0.07006,0.08006,0.07006,0.07006,100,16.81344
2003-04-15,0.08006,0.08006,0.07006,0.07006,100,16.81344
2003-04-14,0.08006,0.09007,0.07006,0.07006,300,16.81344
2003-04-11,0.09007,0.09007,0.07006,0.08006,300,19.21536
2003-04-10,0.08006,0.09007,0.07006,0.08006,700,19.21536
2003-04-09,0.09007,0.09007,0.08006,0.09007,1000,21.61728
2003-04-08,0.10008,0.10008,0.07006,0.07006,3100,16.81344
2003-04-07,0.1201,0.1201,0.09007,0.10008,6700,24.0192
2003-04-04,0.07006,0.09007,0.06005,0.08006,7100,19.21536
2003-04-03,0.06005,0.08006,0.05004,0.06005,3800,14.41152
2003-04-02,0.05004,0.07006,0.05004,0.06005,600,14.41152
2003-04-01,0.06005,0.07006,0.06005,0.06005,1100,14.41152
2003-03-31,0.07006,0.07006,0.05004,0.06005,3100,14.41152
2003-03-28,0.05004,0.08006,0.04003,0.06005,7200,14.41152
2003-03-27,0.05004,0.05004,0.05004,0.05004,100,12.0096
2003-03-26,0.05004,0.06005,0.05004,0.05004,600,12.0096
2003-03-25,0.05004,0.06005,0.05004,0.05004,100,12.0096
2003-03-24,0.06005,0.06005,0.05004,0.05004,100,12.0096
2003-03-21,0.06005,0.06005,0.04003,0.06005,200,14.41152
2003-03-20,0.06005,0.06005,0.05004,0.05004,200,12.0096
2003-03-19,0.04003,0.06005,0.04003,0.06005,200,14.41152
2003-03-18,0.06005,0.06005,0.04003,0.05004,100,12.0096
2003-03-17,0.06005,0.06005,0.04003,0.05004,1800,12.0096
2003-03-14,0.06005,0.06005,0.05004,0.05004,400,12.0096
2003-03-13,0.05004,0.07006,0.05004,0.06005,3200,14.41152
2003-03-12,0.05004,0.05004,0.04003,0.04003,100,9.60768
2003-03-11,0.05004,0.05004,0.04003,0.04003,100,9.60768
2003-03-10,0.05004,0.05004,0.04003,0.05004,1000,12.0096
2003-03-07,0.05004,0.06005,0.04003,0.05004,2600,12.0096
2003-03-06,0.05004,0.06005,0.04003,0.05004,4000,12.0096
2003-03-05,0.05004,0.06005,0.05004,0.05004,600,12.0096
2003-03-04,0.06005,0.06005,0.05004,0.05004,800,12.0096
2003-03-03,0.05004,0.06005,0.05004,0.05004,300,12.0096
2003-02-28,0.06005,0.06005,0.05004,0.06005,000,14.41152
2003-02-27,0.07006,0.07006,0.05004,0.06005,200,14.41152
2003-02-26,0.07006,0.07006,0.06005,0.07006,100,16.81344
2003-02-25,0.07006,0.07006,0.06005,0.07006,400,16.81344
2003-02-24,0.07006,0.07006,0.06005,0.07006,000,16.81344
2003-02-21,0.06005,0.07006,0.06005,0.06005,300,14.41152
2003-02-20,0.07006,0.07006,0.06005,0.07006,100,16.81344
2003-02-19,0.07006,0.07006,0.06005,0.07006,300,16.81344
2003-02-18,0.07006,0.07006,0.07006,0.07006,000,16.81344
2003-02-14,0.07006,0.08006,0.06005,0.07006,500,16.81344
2003-02-13,0.06005,0.08006,0.06005,0.07006,400,16.81344
2003-02-12,0.08006,0.08006,0.06005,0.07006,100,16.81344
2003-02-11,0.07006,0.07006,0.07006,0.07006,000,16.81344
2003-02-10,0.07006,0.08006,0.06005,0.08006,000,19.21536
2003-02-07,0.06005,0.08006,0.06005,0.08006,100,19.21536
2003-02-06,0.07006,0.08006,0.06005,0.08006,400,19.21536
2003-02-05,0.07006,0.08006,0.06005,0.07006,200,16.81344
2003-02-04,0.08006,0.08006,0.07006,0.07006,100,16.81344
2003-02-03,0.07006,0.08006,0.06005,0.08006,1400,19.21536
2003-01-31,0.07006,0.08006,0.07006,0.07006,300,16.81344
2003-01-30,0.07006,0.08006,0.07006,0.08006,300,19.21536
2003-01-29,0.08006,0.09007,0.07006,0.08006,900,19.21536
2003-01-28,0.09007,0.10008,0.08006,0.08006,800,19.21536
2003-01-27,0.08006,0.09007,0.08006,0.09007,2900,21.61728
2003-01-24,0.08006,0.09007,0.07006,0.08006,1900,19.21536
2003-01-23,0.09007,0.09007,0.07006,0.08006,1900,19.21536
2003-01-22,0.10008,0.10008,0.08006,0.08006,1300,19.21536
2003-01-21,0.10008,0.10008,0.08006,0.10008,5000,24.0192
2003-01-17,0.06005,0.10008,0.06005,0.08006,8700,19.21536
2003-01-16,0.07006,0.07006,0.05004,0.05004,5300,12.0096
2003-01-15,0.07006,0.07006,0.06005,0.07006,3600,16.81344
2003-01-14,0.07006,0.08006,0.07006,0.08006,000,19.21536
2003-01-13,0.07006,0.08006,0.07006,0.08006,000,19.21536
2003-01-10,0.08006,0.08006,0.07006,0.08006,200,19.21536
2003-01-09,0.08006,0.08006,0.07006,0.08006,100,19.21536
2003-01-08,0.09007,0.09007,0.08006,0.08006,400,19.21536
2003-01-07,0.09007,0.09007,0.08006,0.09007,000,21.61728
2003-01-06,0.09007,0.10008,0.08006,0.09007,400,21.61728
2003-01-03,0.09007,0.10008,0.08006,0.10008,100,24.0192
2003-01-02,0.09007,0.10008,0.09007,0.09007,100,21.61728
2002-12-31,0.09007,0.10008,0.09007,0.09007,600,21.61728
2002-12-30,0.10008,0.10008,0.08006,0.10008,200,24.0192
2002-12-27,0.09007,0.10008,0.08006,0.10008,200,24.0192
2002-12-26,0.09007,0.09007,0.08006,0.08006,000,19.21536
2002-12-24,0.09007,0.09007,0.08006,0.08006,000,19.21536
2002-12-23,0.09007,0.09007,0.09007,0.09007,000,21.61728
2002-12-20,0.08006,0.09007,0.08006,0.08006,600,19.21536
2002-12-19,0.10008,0.10008,0.08006,0.09007,300,21.61728
2002-12-18,0.11009,0.11009,0.08006,0.10008,500,24.0192
2002-12-17,0.11009,0.11009,0.08006,0.11009,1300,26.42112
2002-12-16,0.1201,0.1301,0.11009,0.11009,300,26.42112
2002-12-13,0.1201,0.1201,0.10008,0.1201,300,28.82304
2002-12-12,0.1201,0.1201,0.1201,0.1201,000,28.82304
2002-12-11,0.1201,0.1201,0.11009,0.11009,100,26.42112
2002-12-10,0.1301,0.1301,0.11009,0.1201,100,28.82304
2002-12-09,0.1201,0.14011,0.11009,0.1201,300,28.82304
2002-12-06,0.11009,0.1301,0.10008,0.1201,1000,28.82304
2002-12-05,0.1301,0.1301,0.11009,0.11009,600,26.42112
2002-12-04,0.14011,0.14011,0.1201,0.1301,300,31.22496
2002-12-03,0.1301,0.15012,0.1201,0.1301,500,31.22496
2002-12-02,0.1201,0.1201,0.11009,0.1201,000,28.82304
2002-11-29,0.1201,0.1201,0.1201,0.1201,300,28.82304
2002-11-27,0.11009,0.1201,0.10008,0.1201,400,28.82304
2002-11-26,0.11009,0.1201,0.10008,0.1201,200,28.82304
2002-11-25,0.1201,0.1201,0.10008,0.11009,400,26.42112
2002-11-22,0.1201,0.1201,0.11009,0.1201,900,28.82304
2002-11-21,0.11009,0.1301,0.11009,0.11009,1000,26.42112
2002-11-20,0.14011,0.14011,0.10008,0.10008,1400,24.0192
2002-11-19,0.15012,0.16013,0.1301,0.1301,600,31.22496
2002-11-18,0.17014,0.17014,0.15012,0.15012,500,36.0288
2002-11-15,0.15012,0.17014,0.15012,0.17014,400,40.83264
2002-11-14,0.15012,0.15012,0.1301,0.15012,200,36.0288
2002-11-13,0.17014,0.17014,0.14011,0.15012,600,36.0288
2002-11-12,0.16013,0.22018,0.16013,0.18014,1400,43.23456
2002-11-11,0.17014,0.20016,0.17014,0.19015,700,45.63648
2002-11-08,0.19015,0.20016,0.16013,0.20016,500,48.0384
2002-11-07,0.18014,0.19015,0.16013,0.18014,1400,43.23456
2002-11-06,0.15012,0.18014,0.14011,0.18014,700,43.23456
2002-11-05,0.1301,0.15012,0.1201,0.15012,1000,36.0288
2002-11-04,0.14011,0.14011,0.1301,0.1301,100,31.22496
2002-11-01,0.1301,0.14011,0.1301,0.14011,000,33.62688
2002-10-31,0.1301,0.1301,0.1201,0.1301,100,31.22496
2002-10-30,0.14011,0.15012,0.14011,0.15012,000,36.0288
2002-10-29,0.14011,0.14011,0.14011,0.14011,000,33.62688
2002-10-28,0.18014,0.18014,0.14011,0.14011,200,33.62688
2002-10-25,0.17014,0.17014,0.15012,0.15012,100,36.0288
2002-10-24,0.16013,0.17014,0.16013,0.16013,000,38.43072
2002-10-23,0.18014,0.19015,0.16013,0.18014,400,43.23456
2002-10-22,0.18014,0.19015,0.16013,0.18014,500,43.23456
2002-10-21,0.16013,0.19015,0.16013,0.19015,100,45.63648
2002-10-18,0.16013,0.20016,0.16013,0.20016,000,48.0384
2002-10-17,0.16013,0.20016,0.16013,0.19015,200,45.63648
2002-10-16,0.19015,0.20016,0.15012,0.15012,000,36.0288
2002-10-15,0.17014,0.20016,0.15012,0.19015,400,45.63648
2002-10-14,0.1201,0.17014,0.1201,0.17014,200,40.83264
2002-10-11,0.10008,0.1301,0.10008,0.1301,100,31.22496
2002-10-10,0.10008,0.1201,0.09007,0.1201,300,28.82304
2002-10-09,0.10008,0.10008,0.10008,0.10008,000,24.0192
2002-10-08,0.11009,0.11009,0.11009,0.11009,000,26.42112
2002-10-07,0.11009,0.11009,0.08006,0.10008,100,24.0192
2002-10-04,0.11009,0.11009,0.11009,0.11009,000,26.42112
2002-10-03,0.09007,0.10008,0.08006,0.10008,100,24.0192
2002-10-02,0.11009,0.11009,0.10008,0.10008,000,24.0192
2002-10-01,0.11009,0.1201,0.11009,0.11009,000,26.42112
2002-09-30,0.09007,0.1201,0.09007,0.1201,000,28.82304
2002-09-27,0.10008,0.11009,0.09007,0.11009,200,26.42112
2002-09-26,0.1301,0.1301,0.1201,0.1201,200,28.82304
2002-09-25,0.15012,0.16013,0.1301,0.1301,400,31.22496
2002-09-24,0.1301,0.14011,0.1301,0.14011,300,33.62688
2002-09-23,0.1301,0.1301,0.1201,0.1201,100,28.82304
2002-09-20,0.14011,0.15012,0.1201,0.15012,200,36.0288
2002-09-19,0.16013,0.17014,0.14011,0.14011,100,33.62688
2002-09-18,0.17014,0.21017,0.17014,0.18014,600,43.23456
2002-09-17,0.15012,0.19015,0.15012,0.17014,500,40.83264
2002-09-16,0.10008,0.15012,0.10008,0.15012,1500,36.0288
2002-09-13,0.08006,0.10008,0.08006,0.10008,400,24.0192
2002-09-12,0.08006,0.08006,0.08006,0.08006,000,19.21536
2002-09-11,0.08006,0.08006,0.07006,0.08006,200,19.21536
2002-09-10,0.09007,0.09007,0.07006,0.07006,300,16.81344
2002-09-09,0.08006,0.09007,0.08006,0.09007,000,21.61728
2002-09-06,0.08006,0.09007,0.07006,0.07006,600,16.81344
2002-09-05,0.10008,0.10008,0.08006,0.08006,200,19.21536
2002-09-04,0.07006,0.10008,0.07006,0.10008,000,24.0192
2002-09-03,0.10008,0.10008,0.07006,0.08006,300,19.21536
2002-08-30,0.10008,0.10008,0.10008,0.10008,000,24.0192
2002-08-29,0.10008,0.10008,0.08006,0.10008,200,24.0192
2002-08-28,0.07006,0.10008,0.07006,0.10008,100,24.0192
2002-08-27,0.10008,0.10008,0.07006,0.09007,100,21.61728
2002-08-26,0.09007,0.09007,0.08006,0.09007,100,21.61728
2002-08-23,0.1201,0.1201,0.10008,0.11009,000,26.42112
2002-08-22,0.10008,0.11009,0.09007,0.10008,300,24.0192
2002-08-21,0.11009,0.1301,0.08006,0.09007,300,21.61728
2002-08-20,0.1201,0.1201,0.1201,0.1201,000,28.82304
2002-08-19,0.15012,0.17014,0.08006,0.15012,700,36.0288
2002-08-16,0.14011,0.15012,0.14011,0.15012,000,36.0288
2002-08-15,0.18014,0.18014,0.10008,0.14011,400,33.62688
2002-08-14,0.15012,0.16013,0.1301,0.16013,000,38.43072
2002-08-13,0.14011,0.14011,0.1301,0.1301,000,31.22496
2002-08-12,0.17014,0.17014,0.15012,0.15012,000,36.0288
2002-08-09,0.17014,0.17014,0.16013,0.17014,100,40.83264
2002-08-08,0.19015,0.19015,0.14011,0.18014,400,43.23456
2002-08-07,0.20016,0.20016,0.15012,0.20016,400,48.0384
2002-08-06,0.20016,0.22018,0.18014,0.22018,300,52.84224
2002-08-05,0.20016,0.20016,0.17014,0.19015,000,45.63648
2002-08-02,0.20016,0.20016,0.18014,0.20016,100,48.0384
2002-08-01,0.20016,0.20016,0.17014,0.18014,400,43.23456
2002-07-31,0.16013,0.24019,0.16013,0.22018,500,52.84224
2002-07-30,0.20016,0.20016,0.20016,0.20016,000,48.0384
2002-07-29,0.28022,0.28022,0.19015,0.22018,300,52.84224
2002-07-26,0.1201,0.2502,0.1201,0.2502,300,60.048
2002-07-25,0.21017,0.21017,0.21017,0.21017,000,50.44032
2002-07-24,0.21017,0.26021,0.21017,0.24019,100,57.64608
2002-07-23,0.22018,0.23018,0.22018,0.23018,000,55.24416
2002-07-22,0.23018,0.30024,0.23018,0.2502,200,60.048
2002-07-19,0.29023,0.30024,0.22018,0.30024,000,72.0576
2002-07-18,0.30024,0.30024,0.29023,0.29023,000,69.65568
2002-07-17,0.28022,0.30024,0.28022,0.30024,200,72.0576
2002-07-16,0.28022,0.30024,0.2502,0.30024,300,72.0576
2002-07-15,0.35028,0.35028,0.30024,0.30024,000,72.0576
2002-07-12,0.34027,0.43034,0.34027,0.3803,700,91.27296
2002-07-11,0.29023,0.36029,0.29023,0.36029,000,86.46912
2002-07-10,0.29023,0.34027,0.23018,0.33026,400,79.26336
2002-07-09,0.29023,0.30024,0.29023,0.30024,000,72.0576
2002-07-08,0.29023,0.29023,0.28022,0.28022,000,67.25376
2002-07-05,0.30024,0.30024,0.30024,0.30024,000,72.0576
2002-07-03,0.32026,0.32026,0.21017,0.29023,100,69.65568
2002-07-02,0.29023,0.32026,0.29023,0.32026,000,76.86144
2002-07-01,0.31025,0.39031,0.31025,0.33026,000,79.26336
2002-06-28,0.43034,0.43034,0.31025,0.43034,200,103.28256
2002-06-27,0.35028,0.40032,0.33026,0.39031,200,93.67488
2002-06-26,0.43034,0.43034,0.34027,0.34027,000,81.66528
2002-06-25,0.35028,0.35028,0.30024,0.35028,000,84.0672
2002-06-24,0.46037,0.46037,0.24019,0.35028,200,84.0672
2002-06-21,0.39031,0.39031,0.30024,0.31025,000,74.45953
2002-06-20,0.40032,0.48038,0.35028,0.35028,200,84.0672
2002-06-19,0.56045,0.58046,0.40032,0.54043,500,129.70369
2002-06-18,0.45036,0.56045,0.41033,0.56045,500,134.50752
2002-06-17,0.45036,0.45036,0.39031,0.45036,000,108.0864
2002-06-14,0.3803,0.44035,0.36029,0.43034,500,103.28256
2002-06-13,0.31025,0.3803,0.31025,0.3803,200,91.27296
2002-06-12,0.30024,0.34027,0.27022,0.34027,300,81.66528
2002-06-11,0.40032,0.40032,0.30024,0.32026,100,76.86144
2002-06-10,0.3803,0.41033,0.36029,0.40032,000,96.07681
2002-06-07,0.46037,0.46037,0.46037,0.46037,000,110.48833
2002-06-06,0.5004,0.5004,0.40032,0.46037,200,110.48833
2002-06-05,0.46037,0.52042,0.45036,0.5004,600,120.096
2002-06-04,0.48038,0.52042,0.45036,0.46037,200,110.48833
2002-06-03,0.5004,0.54043,0.47038,0.54043,200,129.70369
2002-05-31,0.44035,0.49039,0.40032,0.49039,400,117.69408
2002-05-30,0.36029,0.44035,0.36029,0.44035,100,105.68448
2002-05-29,0.40032,0.42034,0.3803,0.40032,300,96.07681
2002-05-28,0.49039,0.49039,0.40032,0.48038,200,115.29216
2002-05-24,0.49039,0.49039,0.49039,0.49039,000,117.69408
2002-05-23,0.48038,0.49039,0.46037,0.49039,000,117.69408
2002-05-22,0.5004,0.51041,0.48038,0.51041,000,122.49792
2002-05-21,0.5004,0.54043,0.5004,0.51041,100,122.49792
2002-05-20,0.45036,0.55044,0.45036,0.55044,500,132.10561
2002-05-17,0.45036,0.49039,0.45036,0.48038,200,115.29216
2002-05-16,0.45036,0.48038,0.45036,0.48038,200,115.29216
2002-05-15,0.47038,0.47038,0.45036,0.45036,000,108.0864
2002-05-14,0.46037,0.51041,0.35028,0.46037,400,110.48833
2002-05-13,0.5004,0.5004,0.5004,0.5004,000,120.096
2002-05-10,0.51041,0.53042,0.5004,0.53042,200,127.30176
2002-05-09,0.5004,0.53042,0.46037,0.53042,200,127.30176
2002-05-08,0.55044,0.56045,0.5004,0.56045,200,134.50752
2002-05-07,0.51041,0.60048,0.51041,0.60048,000,144.1152
2002-05-06,0.52042,0.60048,0.52042,0.60048,100,144.1152
2002-05-03,0.59047,0.64051,0.55044,0.61049,300,146.51712
2002-05-02,0.51041,0.65052,0.5004,0.6205,200,148.91905
2002-05-01,0.51041,0.51041,0.51041,0.51041,000,122.49792
2002-04-30,0.5004,0.54043,0.5004,0.54043,100,129.70369
2002-04-29,0.60048,0.60048,0.5004,0.59047,500,141.71329
2002-04-26,0.65052,0.67054,0.6205,0.67054,100,160.92865
2002-04-25,0.6305,0.70056,0.6305,0.68054,000,163.33057
2002-04-24,0.65052,0.67054,0.60048,0.6305,300,151.32095
2002-04-23,0.65052,0.69055,0.60048,0.66053,100,158.52672
2002-04-22,0.6205,0.66053,0.6205,0.66053,200,158.52672
2002-04-19,0.65052,0.65052,0.60048,0.6205,100,148.91905
2002-04-18,0.70056,0.70056,0.65052,0.65052,000,156.1248
2002-04-17,0.7506,0.7506,0.65052,0.69055,300,165.73248
2002-04-16,0.61049,0.7506,0.60048,0.74059,1000,177.7421
2002-04-15,0.6205,0.65052,0.60048,0.65052,000,156.1248
2002-04-12,0.68054,0.68054,0.60048,0.68054,100,163.33057
2002-04-11,0.70056,0.70056,0.60048,0.67054,000,160.92865
2002-04-10,0.57046,0.69055,0.57046,0.69055,000,165.73248
2002-04-09,0.60048,0.6305,0.60048,0.6305,100,151.32095
2002-04-08,0.6305,0.6305,0.55044,0.61049,100,146.51712
2002-04-05,0.65052,0.70056,0.60048,0.65052,200,156.1248
2002-04-04,0.67054,0.67054,0.6305,0.65052,000,156.1248
2002-04-03,0.5004,0.6205,0.5004,0.6205,500,148.91905
2002-04-02,0.5004,0.52042,0.5004,0.52042,000,124.89985
2002-04-01,0.5004,0.51041,0.45036,0.49039,200,117.69408
2002-03-28,0.42034,0.53042,0.42034,0.52042,100,124.89985
2002-03-27,0.5004,0.5004,0.40032,0.49039,000,117.69408
2002-03-26,0.53042,0.54043,0.45036,0.5004,100,120.096
2002-03-25,0.44035,0.54043,0.44035,0.53042,200,127.30176
2002-03-22,0.46037,0.5004,0.44035,0.45036,2900,108.0864
2002-03-21,0.48038,0.54043,0.45036,0.5004,1000,120.096
2002-03-20,0.42034,0.55044,0.40032,0.54043,700,129.70369
2002-03-19,0.47038,0.5004,0.42034,0.49039,000,117.69408
2002-03-18,0.49039,0.49039,0.49039,0.49039,000,117.69408
2002-03-15,0.45036,0.51041,0.45036,0.51041,000,122.49792
2002-03-14,0.48038,0.5004,0.48038,0.5004,100,120.096
2002-03-13,0.45036,0.49039,0.45036,0.49039,000,117.69408
2002-03-12,0.49039,0.49039,0.43034,0.49039,000,117.69408
2002-03-11,0.48038,0.49039,0.41033,0.49039,000,117.69408
2002-03-08,0.51041,0.51041,0.46037,0.51041,000,122.49792
2002-03-07,0.53042,0.53042,0.46037,0.51041,000,122.49792
2002-03-06,0.54043,0.54043,0.54043,0.54043,000,129.70369
2002-03-05,0.53042,0.54043,0.5004,0.54043,000,129.70369
2002-03-04,0.47038,0.5004,0.47038,0.5004,000,120.096
2002-03-01,0.55044,0.55044,0.5004,0.5004,000,120.096
2002-02-28,0.5004,0.54043,0.49039,0.54043,1000,129.70369
2002-02-27,0.57046,0.64051,0.5004,0.58046,100,139.31136
2002-02-26,0.47038,0.55044,0.47038,0.5004,000,120.096
2002-02-25,0.51041,0.58046,0.45036,0.5004,000,120.096
2002-02-22,0.56045,0.56045,0.52042,0.54043,500,129.70369
2002-02-21,0.6305,0.6305,0.56045,0.6205,000,148.91905
2002-02-20,0.61049,0.61049,0.56045,0.61049,000,146.51712
2002-02-19,0.61049,0.69055,0.60048,0.69055,100,165.73248
2002-02-15,0.70056,0.71057,0.60048,0.70056,1400,168.1344
2002-02-14,0.60048,0.73058,0.55044,0.71057,1800,170.53632
2002-02-13,0.65052,0.70056,0.41033,0.70056,500,168.1344
2002-02-12,0.70056,0.70056,0.64051,0.70056,1500,168.1344
2002-02-11,0.72058,0.7506,0.65052,0.74059,100,177.7421
2002-02-08,0.70056,0.73058,0.70056,0.73058,000,175.34016
2002-02-07,0.66053,0.72058,0.66053,0.70056,000,168.1344
2002-02-06,0.71057,0.7506,0.70056,0.70056,200,168.1344
2002-02-05,0.72058,0.76061,0.70056,0.72058,900,172.93825
2002-02-04,0.70056,0.76061,0.70056,0.73058,200,175.34016
2002-02-01,0.60048,0.70056,0.60048,0.68054,100,163.33057
2002-01-31,0.60048,0.70056,0.60048,0.70056,100,168.1344
2002-01-30,0.59047,0.66053,0.59047,0.60048,100,144.1152
2002-01-29,0.55044,0.61049,0.55044,0.61049,100,146.51712
2002-01-28,0.49039,0.55044,0.49039,0.55044,000,132.10561
2002-01-25,0.55044,0.56045,0.45036,0.49039,100,117.69408
2002-01-24,0.80064,0.80064,0.65052,0.65052,100,156.1248
2002-01-23,0.77062,0.77062,0.77062,0.77062,000,184.94785
2002-01-22,0.80064,0.80064,0.76061,0.76061,000,182.54591
2002-01-18,0.80064,0.90072,0.7506,0.80064,100,192.15361
2002-01-17,0.72058,0.80064,0.72058,0.76061,200,182.54591
2002-01-16,0.71057,0.74059,0.71057,0.74059,000,177.7421
2002-01-15,0.7506,0.80064,0.7506,0.80064,100,192.15361
2002-01-14,0.7506,0.80064,0.71057,0.7506,100,180.144
2002-01-11,0.7506,0.80064,0.7506,0.80064,000,192.15361
2002-01-10,0.71057,0.77062,0.68054,0.77062,000,184.94785
2002-01-09,0.70056,0.80064,0.70056,0.77062,100,184.94785
2002-01-08,0.74059,0.81065,0.71057,0.74059,200,177.7421
2002-01-07,0.70056,0.74059,0.65052,0.65052,400,156.1248
2002-01-04,0.65052,0.7506,0.65052,0.70056,100,168.1344
2002-01-03,0.70056,0.70056,0.70056,0.70056,000,168.1344
2002-01-02,0.71057,0.72058,0.71057,0.72058,000,172.93825
2001-12-31,0.7506,0.76061,0.72058,0.76061,000,182.54591
2001-12-28,0.80064,0.84067,0.74059,0.84067,300,201.76129
2001-12-27,0.70056,0.90072,0.70056,0.85068,500,204.16321
2001-12-26,0.70056,0.79063,0.70056,0.70056,100,168.1344
2001-12-24,0.70056,0.70056,0.70056,0.70056,000,168.1344
2001-12-21,0.70056,0.73058,0.70056,0.70056,100,168.1344
2001-12-20,0.70056,0.80064,0.70056,0.80064,000,192.15361
2001-12-19,0.70056,0.80064,0.70056,0.80064,400,192.15361
2001-12-18,0.72058,0.76061,0.72058,0.76061,000,182.54591
2001-12-17,0.85068,0.93074,0.70056,0.80064,000,192.15361
2001-12-14,0.83066,0.85068,0.83066,0.85068,000,204.16321
2001-12-13,0.90072,0.90072,0.70056,0.72058,900,172.93825
2001-12-12,0.90072,0.95076,0.85068,0.89071,000,213.77089
2001-12-11,0.85068,0.95076,0.85068,0.95076,000,228.1824
2001-12-10,0.81065,0.83066,0.65052,0.7506,000,180.144
2001-12-07,0.81065,0.85068,0.81065,0.85068,000,204.16321
2001-12-06,1.04083,1.04083,0.89071,0.90072,100,216.17281
2001-12-05,1.0008,1.02082,0.85068,1.02082,000,244.99585
2001-12-04,1.05084,1.07086,0.95076,1.07086,000,257.00543
2001-12-03,0.90072,1.10088,0.90072,1.0008,300,240.192
2001-11-30,0.90072,1.03082,0.90072,1.0008,200,240.192
2001-11-29,0.7506,0.95076,0.7506,0.90072,300,216.17281
2001-11-28,0.80064,0.85068,0.71057,0.7506,100,180.144
2001-11-27,0.70056,0.90072,0.70056,0.85068,000,204.16321
2001-11-26,1.04083,1.04083,0.91073,0.92074,000,220.97665
2001-11-23,0.95076,1.05084,0.95076,1.0008,000,240.192
2001-11-21,1.03082,1.03082,0.95076,1.03082,000,247.39777
2001-11-20,1.0008,1.04083,0.96077,1.0008,100,240.192
2001-11-19,0.90072,1.04083,0.90072,1.0008,000,240.192
2001-11-16,1.01081,1.01081,1.0008,1.0008,000,240.192
2001-11-15,1.01081,1.06085,0.74059,1.01081,8000,242.59392
2001-11-14,1.05084,1.251,1.05084,1.10088,000,264.21121
2001-11-13,1.0008,1.0008,1.0008,1.0008,100,240.192
2001-11-12,1.14091,1.14091,1.0008,1.0008,000,240.192
2001-11-09,1.10088,1.14091,1.10088,1.14091,000,273.81888
2001-11-08,1.1309,1.1309,1.1309,1.1309,000,271.41699
2001-11-07,1.14091,1.14091,1.0008,1.1309,000,271.41699
2001-11-06,1.14091,1.15092,1.10088,1.15092,000,276.22079
2001-11-05,1.20096,1.22098,1.15092,1.15092,000,276.22079
2001-11-02,1.30104,1.30104,1.20096,1.21097,200,290.63232
2001-11-01,1.20096,1.20096,1.20096,1.20096,000,288.23041
2001-10-31,1.20096,1.30104,1.15092,1.20096,100,288.23041
2001-10-30,1.11089,1.34107,1.11089,1.34107,000,321.8573
2001-10-29,1.30104,1.30104,1.20096,1.20096,000,288.23041
2001-10-26,1.30104,1.33106,1.30104,1.33106,000,319.45538
2001-10-25,1.45116,1.45116,1.35108,1.36109,000,326.66113
2001-10-24,1.35108,1.40112,1.30104,1.40112,000,336.2688
2001-10-23,1.40112,1.5012,1.10088,1.35108,1100,324.25922
2001-10-22,1.40112,1.60128,1.40112,1.5012,300,360.28799
2001-10-19,1.40112,1.42114,1.35108,1.35108,000,324.25922
2001-10-18,1.60128,1.60128,1.40112,1.5012,000,360.28799
2001-10-17,1.5012,1.60128,1.49119,1.5012,500,360.28799
2001-10-16,1.60128,1.6213,1.5012,1.5012,000,360.28799
2001-10-15,1.7514,2.0016,1.47118,1.58126,3900,379.50339
2001-10-12,1.55124,1.66133,1.45116,1.65132,300,396.3168
2001-10-11,1.5012,1.65132,1.5012,1.5012,100,360.28799
2001-10-10,1.5012,1.54123,1.29103,1.45116,1200,348.27841
2001-10-09,1.64131,1.64131,1.5012,1.59127,000,381.9053
2001-10-08,1.5012,1.5012,1.35108,1.35108,000,324.25922
2001-10-05,1.55124,1.55124,1.55124,1.55124,000,372.29761
2001-10-04,1.60128,1.65132,1.60128,1.65132,000,396.3168
2001-10-03,1.70136,1.70136,1.61129,1.69135,000,405.9245
2001-10-02,1.59127,1.68134,1.59127,1.68134,000,403.52258
2001-10-01,1.60128,1.65132,1.5012,1.55124,000,372.29761
2001-09-28,1.28102,1.85148,1.28102,1.60128,100,384.30722
2001-09-27,1.23098,1.29103,1.23098,1.29103,000,309.84769
2001-09-26,1.251,1.35108,1.251,1.27102,000,305.04382
2001-09-25,1.20096,1.5012,1.20096,1.35108,100,324.25922
2001-09-24,1.10088,1.45116,0.95076,1.30104,100,312.2496
2001-09-21,1.40112,1.40112,1.30104,1.35108,000,324.25922
2001-09-20,1.7514,1.7514,1.5012,1.5012,000,360.28799
2001-09-19,1.80144,1.95156,1.80144,1.85148,000,444.35519
2001-09-18,1.90152,1.99159,1.90152,1.94155,000,465.9725
2001-09-17,2.0016,2.0016,2.0016,2.0016,000,480.384
2001-09-10,2.05164,2.05164,2.05164,2.05164,000,492.39362
2001-09-07,2.05164,2.05164,2.05164,2.05164,000,492.39362
2001-09-06,2.05164,2.05164,2.05164,2.05164,000,492.39362
2001-09-05,2.15172,2.15172,2.0016,2.0016,000,480.384
2001-09-04,2.15172,2.20176,2.10168,2.15172,000,516.41278
2001-08-31,2.15172,2.16173,2.15172,2.16173,000,518.81476
2001-08-30,2.15172,2.15172,2.15172,2.15172,000,516.41278
2001-08-29,2.10168,2.15172,2.10168,2.15172,000,516.41278
2001-08-28,2.15172,2.15172,2.10168,2.10168,000,504.4032
2001-08-27,2.05164,2.1217,2.05164,2.1217,000,509.20703
2001-08-24,2.0016,2.10168,1.95156,2.05164,000,492.39362
2001-08-23,1.95156,1.95156,1.90152,1.90152,000,456.36481
2001-08-22,2.0016,2.05164,2.0016,2.0016,000,480.384
2001-08-21,2.10168,2.10168,2.10168,2.10168,000,504.4032
2001-08-20,2.10168,2.10168,2.10168,2.10168,000,504.4032
2001-08-17,2.10168,2.10168,2.10168,2.10168,000,504.4032
2001-08-16,2.10168,2.10168,2.10168,2.10168,000,504.4032
2001-08-15,2.10168,2.10168,2.10168,2.10168,000,504.4032
2001-08-14,2.05164,2.05164,2.05164,2.05164,000,492.39362
2001-08-13,2.16173,2.20176,2.05164,2.05164,000,492.39362
2001-08-10,2.10168,2.15172,2.05164,2.15172,100,516.41278
2001-08-09,2.15172,2.2518,2.15172,2.15172,000,516.41278
2001-08-08,2.0016,2.05164,1.90152,2.05164,100,492.39362
2001-08-07,1.7514,1.95156,1.7514,1.80144,000,432.34561
2001-08-06,1.7514,1.7514,1.7514,1.7514,000,420.336
2001-08-03,1.70136,1.90152,1.70136,1.7514,000,420.336
2001-08-02,1.30104,1.80144,1.30104,1.70136,000,408.32642
2001-08-01,1.15092,1.15092,1.15092,1.15092,000,276.22079
2001-07-31,1.20096,1.24099,1.20096,1.24099,000,297.8381
2001-07-30,1.15092,1.251,1.15092,1.251,000,300.24002
2001-07-27,1.251,1.251,1.251,1.251,000,300.24002
2001-07-26,1.251,1.251,1.251,1.251,000,300.24002
2001-07-25,1.10088,1.80144,1.10088,1.15092,100,276.22079
2001-07-24,1.20096,1.20096,1.15092,1.15092,000,276.22079
2001-07-23,1.20096,1.20096,1.20096,1.20096,000,288.23041
2001-07-20,1.20096,1.20096,1.20096,1.20096,000,288.23041
2001-07-19,1.20096,1.20096,1.20096,1.20096,000,288.23041
2001-07-18,1.251,1.251,1.251,1.251,000,300.24002
2001-07-17,1.251,1.251,1.251,1.251,000,300.24002
2001-07-16,1.251,1.251,1.251,1.251,000,300.24002
2001-07-13,1.251,1.251,1.251,1.251,000,300.24002
2001-07-12,1.251,1.251,1.251,1.251,000,300.24002
2001-07-11,1.251,1.251,1.251,1.251,000,300.24002
2001-07-10,1.40112,1.40112,1.251,1.251,000,300.24002
2001-07-09,1.5012,1.5012,1.45116,1.45116,000,348.27841
2001-07-06,1.55124,1.55124,1.55124,1.55124,000,372.29761
2001-07-05,1.46117,1.46117,1.46117,1.46117,000,350.68033
2001-07-03,1.46117,1.46117,1.46117,1.46117,000,350.68033
2001-07-02,1.46117,1.46117,1.46117,1.46117,000,350.68033
2001-06-29,1.55124,1.55124,1.55124,1.55124,000,372.29761
2001-06-28,1.5012,1.5012,1.5012,1.5012,000,360.28799
2001-06-27,1.5012,1.5012,1.5012,1.5012,000,360.28799
2001-06-26,1.60128,1.60128,1.5012,1.5012,000,360.28799
2001-06-25,1.65132,1.65132,1.65132,1.65132,000,396.3168
2001-06-22,1.60128,1.60128,1.60128,1.60128,000,384.30722
2001-06-21,1.7514,1.7514,1.7514,1.7514,000,420.336
2001-06-20,1.65132,1.80144,1.65132,1.7514,000,420.336
2001-06-19,1.55124,1.60128,1.55124,1.55124,000,372.29761
2001-06-18,1.70136,1.70136,1.65132,1.70136,000,408.32642
2001-06-15,1.80144,1.80144,1.80144,1.80144,000,432.34561
2001-06-14,1.80144,1.80144,1.80144,1.80144,000,432.34561
2001-06-13,1.85148,1.85148,1.80144,1.80144,000,432.34561
2001-06-12,1.80144,1.80144,1.80144,1.80144,000,432.34561
2001-06-11,1.90152,1.93154,1.85148,1.85148,000,444.35519
2001-06-08,1.70136,1.95156,1.70136,1.80144,000,432.34561
2001-06-07,1.60128,1.60128,1.60128,1.60128,000,384.30722
2001-06-06,1.70136,1.70136,1.70136,1.70136,000,408.32642
2001-06-05,1.70136,1.70136,1.70136,1.70136,000,408.32642
2001-06-04,1.85148,1.95156,1.80144,1.80144,000,432.34561
2001-06-01,1.80144,2.05164,1.70136,1.90152,200,456.36481
2001-05-31,1.70136,1.70136,1.70136,1.70136,000,408.32642
2001-05-30,1.7514,1.7514,1.70136,1.70136,000,408.32642
2001-05-29,1.80144,1.95156,1.70136,1.70136,000,408.32642
2001-05-25,1.60128,1.7514,1.60128,1.60128,000,384.30722
2001-05-24,1.5012,1.5012,1.5012,1.5012,000,360.28799
2001-05-23,1.30104,1.5012,1.30104,1.5012,000,360.28799
2001-05-22,1.40112,1.40112,1.40112,1.40112,000,336.2688
2001-05-21,1.70136,1.70136,1.45116,1.5012,000,360.28799
2001-05-18,1.90152,1.90152,1.80144,1.80144,000,432.34561
2001-05-17,1.80144,1.80144,1.80144,1.80144,000,432.34561
2001-05-16,1.80144,1.80144,1.80144,1.80144,000,432.34561
2001-05-15,1.85148,1.95156,1.80144,1.80144,000,432.34561
2001-05-14,1.70136,1.70136,1.70136,1.70136,000,408.32642
2001-05-11,1.60128,1.60128,1.60128,1.60128,000,384.30722
2001-05-10,1.70136,1.70136,1.60128,1.60128,100,384.30722
2001-05-09,1.55124,1.65132,1.55124,1.65132,000,396.3168
2001-05-08,1.61129,1.70136,1.61129,1.70136,000,408.32642
2001-05-07,1.85148,1.90152,1.70136,1.7514,000,420.336
2001-05-04,2.0016,2.0016,1.90152,1.90152,000,456.36481
2001-05-03,1.85148,1.98158,1.85148,1.98158,000,475.58017
2001-05-02,1.95156,2.10168,1.70136,1.73138,000,415.5322
2001-05-01,2.10168,2.10168,2.10168,2.10168,000,504.4032
2001-04-30,2.41193,2.41193,2.41193,2.41193,000,578.86273
2001-04-27,2.41193,2.41193,2.41193,2.41193,000,578.86273
2001-04-26,2.0016,2.502,2.0016,2.41193,000,578.86273
2001-04-25,2.2518,2.2518,1.65132,1.90152,100,456.36481
2001-04-24,2.502,2.502,2.2518,2.2518,000,540.43201
2001-04-23,2.51201,2.51201,2.51201,2.51201,000,602.88196
2001-04-20,2.55204,2.55204,2.55204,2.55204,000,612.48962
2001-04-19,2.60208,2.60208,2.502,2.55204,000,612.48962
2001-04-18,2.65212,2.85228,2.55204,2.7522,000,660.52802
2001-04-17,2.65212,2.65212,2.65212,2.65212,000,636.50879
2001-04-16,2.85228,2.85228,2.85228,2.85228,000,684.54724
2001-04-12,2.7522,2.85228,2.60208,2.7522,000,660.52802
2001-04-11,3.0024,3.0024,2.80224,2.80224,000,672.5376
2001-04-10,3.0024,3.0024,2.90232,2.90232,000,696.55682
2001-04-09,2.7522,2.90232,2.7522,2.85228,000,684.54724
2001-04-06,2.7522,2.7522,2.7522,2.7522,000,660.52802
2001-04-05,2.90232,2.90232,2.65212,2.65212,000,636.50879
2001-04-04,2.90232,2.90232,2.90232,2.90232,000,696.55682
2001-04-03,3.0024,3.0024,3.0024,3.0024,000,720.57599
2001-04-02,3.0024,3.05244,3.0024,3.05244,000,732.58563
2001-03-30,3.10248,3.20256,3.0024,3.10248,000,744.59521
2001-03-29,3.20256,3.20256,3.20256,3.20256,000,768.61444
2001-03-28,3.0024,3.10248,3.0024,3.10248,000,744.59521
2001-03-27,3.0024,3.2526,3.0024,3.1325,000,751.80096
2001-03-26,3.10248,3.2526,3.05244,3.05244,000,732.58563
2001-03-23,3.0024,3.01241,3.0024,3.01241,000,722.97797
2001-03-22,3.0024,3.15252,3.0024,3.15252,000,756.6048
2001-03-21,3.30264,3.30264,3.2526,3.2526,000,780.62402
2001-03-20,3.5028,3.5028,3.5028,3.5028,000,840.672
2001-03-19,3.2526,4.0032,3.2526,3.5028,000,840.672
2001-03-16,3.40272,3.40272,3.40272,3.40272,000,816.65283
2001-03-15,3.5028,3.5028,3.5028,3.5028,000,840.672
2001-03-14,3.27262,3.753,3.27262,3.65292,000,876.70081
2001-03-13,3.39271,3.39271,3.39271,3.39271,000,814.25085
2001-03-12,3.35268,3.39271,3.35268,3.39271,000,814.25085
2001-03-09,3.40272,3.40272,3.40272,3.40272,000,816.65283
2001-03-08,3.41273,3.41273,3.40272,3.40272,000,816.65283
2001-03-07,3.45276,3.45276,3.45276,3.45276,000,828.66241
2001-03-06,3.5028,3.5028,3.45276,3.45276,000,828.66241
2001-03-05,3.753,3.753,3.40272,3.40272,000,816.65283
2001-03-02,3.80304,3.80304,3.753,3.753,000,900.72003
2001-03-01,3.753,3.753,3.753,3.753,000,900.72003
2001-02-28,3.80304,3.80304,3.753,3.753,000,900.72003
2001-02-27,3.95316,4.05324,3.80304,3.80304,000,912.72961
2001-02-26,4.0032,4.0032,3.90312,3.90312,000,936.74884
2001-02-23,3.85308,4.0032,3.753,3.753,000,900.72003
2001-02-22,3.753,3.753,3.753,3.753,000,900.72003
2001-02-21,3.80304,3.80304,3.80304,3.80304,000,912.72961
2001-02-20,4.15332,4.15332,3.80304,3.80304,000,912.72961
2001-02-16,3.90312,4.0032,3.85308,4.0032,000,960.76801
2001-02-15,3.90312,4.10328,3.90312,4.0032,000,960.76801
2001-02-14,3.85308,3.85308,3.85308,3.85308,000,924.7392
2001-02-13,3.98318,3.98318,3.85308,3.85308,000,924.7392
2001-02-12,4.0032,4.0032,3.91313,3.91313,000,939.15076
2001-02-09,4.1233,4.1333,4.11329,4.1333,000,991.99298
2001-02-08,4.30344,4.30344,4.21337,4.21337,000,1011.20837
2001-02-07,4.30344,4.40352,4.24339,4.24339,000,1018.41406
2001-02-06,4.0032,4.30344,3.89311,4.30344,200,1032.82556
2001-02-05,4.0032,4.15332,4.0032,4.15332,000,996.79681
2001-02-02,4.0032,4.0032,4.0032,4.0032,000,960.76801
2001-02-01,4.10328,4.10328,4.10328,4.10328,000,984.78723
2001-01-31,4.0032,4.10328,4.0032,4.10328,500,984.78723
2001-01-30,4.10328,4.10328,4.10328,4.10328,000,984.78723
2001-01-29,4.10328,4.1333,4.10328,4.10328,000,984.78723
2001-01-26,4.0032,4.2534,4.0032,4.1283,000,990.79199
2001-01-25,4.0032,4.0032,3.8781,3.8781,000,930.74402
2001-01-24,3.81555,3.94065,3.81555,3.8781,000,930.74402
2001-01-23,3.56535,3.56535,3.5028,3.5028,000,840.672
2001-01-22,4.0032,4.0032,3.753,3.753,000,900.72003
2001-01-19,3.56535,4.0032,3.56535,3.8781,000,930.74402
2001-01-18,3.8781,3.8781,3.5028,3.5028,000,840.672
2001-01-17,4.0032,4.1283,3.8781,4.0032,000,960.76801
2001-01-16,3.3777,3.753,3.3777,3.6279,000,870.69604
2001-01-12,3.2526,3.2526,3.2526,3.2526,000,780.62402
2001-01-11,3.3777,3.3777,3.2526,3.2526,000,780.62402
2001-01-10,3.3777,3.3777,3.3777,3.3777,000,810.64801
2001-01-09,3.3777,3.56535,3.3777,3.5028,000,840.672
2001-01-08,3.753,3.753,3.5028,3.5028,000,840.672
2001-01-05,4.1283,4.19085,3.8781,3.8781,000,930.74402
2001-01-04,3.753,4.2534,3.753,3.8781,000,930.74402
2001-01-03,3.5028,4.0032,3.5028,4.0032,000,960.76801
2001-01-02,3.56535,3.69045,3.56535,3.69045,000,885.70801
2000-12-29,3.3777,4.06575,3.31515,3.5028,000,840.672
2000-12-28,3.5028,3.753,3.3777,3.5028,000,840.672
2000-12-27,3.6279,3.6279,3.6279,3.6279,000,870.69604
2000-12-26,3.753,3.753,3.5028,3.6279,000,870.69604
2000-12-22,3.3777,3.8781,3.2526,3.8781,900,930.74402
2000-12-21,3.3777,3.3777,3.3777,3.3777,000,810.64801
2000-12-20,3.5028,3.753,3.2526,3.3777,000,810.64801
2000-12-19,4.2534,4.2534,3.753,3.753,000,900.72003
2000-12-18,4.0032,4.0032,3.6279,3.94065,000,945.75604
2000-12-15,4.0032,4.0032,4.0032,4.0032,000,960.76801
2000-12-14,4.3785,4.3785,4.0032,4.0032,000,960.76801
2000-12-13,4.44105,4.5036,4.2534,4.2534,000,1020.81604
2000-12-12,4.0032,4.31595,4.0032,4.31595,000,1035.828
2000-12-11,3.94065,4.1283,3.8781,4.0032,000,960.76801
2000-12-08,4.0032,4.0032,3.753,3.81555,000,915.73199
2000-12-07,3.8781,4.0032,3.8781,4.0032,000,960.76801
2000-12-06,3.56535,3.753,3.56535,3.753,000,900.72003
2000-12-05,3.44025,3.8781,3.44025,3.6279,000,870.69604
2000-12-04,3.31515,3.56535,3.31515,3.56535,000,855.68402
2000-12-01,3.3777,3.3777,3.19005,3.19005,000,765.612
2000-11-30,3.753,3.753,3.5028,3.5028,000,840.672
2000-11-29,3.56535,3.8781,3.5028,3.8781,000,930.74402
2000-11-28,3.753,4.0032,3.6279,3.6279,000,870.69604
2000-11-27,3.2526,3.753,3.2526,3.6279,000,870.69604
2000-11-24,3.1275,3.3777,3.1275,3.2526,100,780.62402
2000-11-22,3.69045,3.69045,2.8773,2.8773,000,690.552
2000-11-21,3.94065,4.0032,3.69045,3.81555,000,915.73199
2000-11-20,4.06575,4.06575,3.753,3.753,100,900.72003
2000-11-17,4.2534,4.2534,4.0032,4.0032,000,960.76801
2000-11-16,4.06575,4.19085,4.06575,4.1283,000,990.79199
2000-11-15,4.1283,4.2534,4.0032,4.06575,000,975.78003
2000-11-14,4.1283,4.2534,4.0032,4.0032,100,960.76801
2000-11-13,4.19085,4.19085,4.1283,4.1283,000,990.79199
2000-11-10,4.1283,4.2534,4.1283,4.2534,000,1020.81604
2000-11-09,4.1283,4.1283,4.0032,4.1283,000,990.79199
2000-11-08,4.1283,4.19085,4.1283,4.19085,000,1005.80402
2000-11-07,4.06575,4.06575,4.06575,4.06575,000,975.78003
2000-11-06,4.06575,4.06575,4.06575,4.06575,000,975.78003
2000-11-03,4.0032,4.0032,4.0032,4.0032,000,960.76801
2000-11-02,4.0032,4.3785,4.0032,4.06575,200,975.78003
2000-11-01,4.0032,4.0032,4.0032,4.0032,000,960.76801
2000-10-31,3.753,4.0032,3.753,4.0032,000,960.76801
2000-10-30,3.8781,3.8781,3.6279,3.8781,000,930.74402
2000-10-27,3.753,3.753,3.753,3.753,000,900.72003
2000-10-26,3.753,3.8781,3.753,3.753,000,900.72003
2000-10-25,3.8781,3.8781,3.8781,3.8781,000,930.74402
2000-10-24,4.0032,4.0032,4.0032,4.0032,000,960.76801
2000-10-23,3.8781,3.8781,3.8781,3.8781,000,930.74402
2000-10-20,3.81555,3.8781,3.81555,3.8781,000,930.74402
2000-10-19,3.94065,3.94065,3.753,3.753,000,900.72003
2000-10-18,3.8781,3.8781,3.8781,3.8781,000,930.74402
2000-10-17,3.8781,3.8781,3.5028,3.8781,000,930.74402
2000-10-16,3.69045,3.753,3.5028,3.753,000,900.72003
2000-10-13,3.8781,3.8781,3.5028,3.6279,000,870.69604
2000-10-12,4.1283,4.1283,4.0032,4.0032,000,960.76801
2000-10-11,4.2534,4.2534,4.2534,4.2534,000,1020.81604
2000-10-10,4.3785,4.3785,4.1283,4.2534,000,1020.81604
2000-10-09,4.5036,4.5036,4.5036,4.5036,000,1080.86401
2000-10-06,4.5036,4.5036,4.5036,4.5036,000,1080.86401
2000-10-05,4.5036,4.5036,4.5036,4.5036,000,1080.86401
2000-10-04,4.7538,4.7538,4.5036,4.6287,000,1110.88806
2000-10-03,4.5036,4.5036,4.5036,4.5036,000,1080.86401
2000-10-02,4.5036,4.5036,4.5036,4.5036,000,1080.86401
2000-09-29,4.5036,4.5036,4.5036,4.5036,000,1080.86401
2000-09-28,4.5036,4.5036,4.5036,4.5036,000,1080.86401
2000-09-27,4.5036,4.5036,4.5036,4.5036,000,1080.86401
2000-09-26,4.6287,4.6287,4.5036,4.5036,000,1080.86401
2000-09-25,4.7538,4.7538,4.7538,4.7538,000,1140.91199
2000-09-22,4.5036,4.5036,4.5036,4.5036,000,1080.86401
2000-09-21,4.56615,4.56615,4.5036,4.5036,000,1080.86401
2000-09-20,5.004,5.004,4.5036,4.5036,000,1080.86401
2000-09-19,4.56615,5.004,4.56615,5.004,000,1200.96008
2000-09-18,4.5036,4.7538,4.5036,4.69125,000,1125.90002
2000-09-15,4.1283,4.56615,4.1283,4.56615,000,1095.87598
2000-09-14,3.8781,4.0032,3.8781,4.0032,000,960.76801
2000-09-13,4.1283,4.1283,3.6279,3.753,100,900.72003
2000-09-12,4.2534,4.2534,4.1283,4.1283,000,990.79199
2000-09-11,5.06655,5.06655,4.3785,4.3785,100,1050.83997
2000-09-08,5.5044,5.5044,5.1291,5.19165,100,1245.99597
2000-09-07,6.0048,6.255,5.7546,5.7546,100,1381.104
2000-09-06,6.255,6.255,5.31675,6.0048,100,1441.15198
2000-09-05,6.5052,6.5052,6.255,6.255,000,1501.20007
2000-09-01,6.69285,6.69285,6.5052,6.5052,000,1561.24805
2000-08-31,7.1307,7.1307,6.7554,6.94305,000,1666.33203
2000-08-30,7.3809,7.3809,7.1307,7.1307,000,1711.36804
2000-08-29,7.2558,7.506,7.2558,7.31835,000,1756.40405
2000-08-28,7.44345,7.44345,7.44345,7.44345,000,1786.42798
2000-08-25,7.0056,7.7562,7.0056,7.69365,200,1846.47607
2000-08-24,7.6311,7.6311,7.0056,7.06815,200,1696.35608
2000-08-23,7.6311,7.6311,7.6311,7.6311,000,1831.46399
2000-08-22,7.56855,7.69365,7.56855,7.69365,000,1846.47607
2000-08-21,7.6311,7.69365,7.6311,7.69365,000,1846.47607
2000-08-18,7.7562,7.7562,7.7562,7.7562,000,1861.48804
2000-08-17,7.7562,7.7562,7.7562,7.7562,000,1861.48804
2000-08-16,7.69365,8.0064,7.69365,7.7562,000,1861.48804
2000-08-15,7.7562,8.0064,7.7562,7.94385,000,1906.52405
2000-08-14,7.7562,7.8813,7.7562,7.7562,000,1861.48804
2000-08-11,7.6311,7.6311,7.6311,7.6311,000,1831.46399
2000-08-10,7.6311,7.6311,7.6311,7.6311,000,1831.46399
2000-08-09,7.69365,7.69365,7.6311,7.6311,000,1831.46399
2000-08-08,7.7562,7.8813,7.7562,7.81875,000,1876.50
2000-08-07,8.19405,8.19405,8.0064,8.0064,000,1921.53601
2000-08-04,8.1315,8.1315,8.06895,8.1315,000,1951.56006
2000-08-03,8.3817,8.3817,8.2566,8.2566,000,1981.58398
2000-08-02,8.6319,8.6319,8.44425,8.44425,000,2026.62
2000-08-01,8.5068,8.757,8.3817,8.757,000,2101.67993
2000-07-31,8.5068,8.757,8.5068,8.757,000,2101.67993
2000-07-28,8.6319,9.0072,8.6319,8.6319,100,2071.65601
2000-07-27,8.5068,8.5068,8.5068,8.5068,000,2041.63208
2000-07-26,8.5068,8.5068,8.5068,8.5068,000,2041.63208
2000-07-25,8.5068,8.56935,8.5068,8.56935,000,2056.64404
2000-07-24,8.6319,8.6319,8.5068,8.56935,000,2056.64404
2000-07-21,8.6319,8.6319,8.6319,8.6319,000,2071.65601
2000-07-20,8.69445,8.8821,8.69445,8.69445,000,2086.66797
2000-07-19,8.8821,8.8821,8.6319,8.69445,000,2086.66797
2000-07-18,9.0072,9.0072,8.8821,8.8821,000,2131.7041
2000-07-17,8.757,9.5076,8.6319,9.1323,600,2191.75195
2000-07-14,8.5068,8.6319,8.5068,8.5068,100,2041.63208
2000-07-13,8.5068,8.5068,8.44425,8.44425,000,2026.62
2000-07-12,8.56935,8.56935,8.5068,8.5068,000,2041.63208
2000-07-11,8.6319,8.6319,8.5068,8.56935,000,2056.64404
2000-07-10,8.757,8.757,8.6319,8.6319,000,2071.65601
2000-07-07,8.757,8.94465,8.757,8.757,000,2101.67993
2000-07-06,8.757,9.0072,8.757,8.8821,100,2131.7041
2000-07-05,8.757,9.0072,8.69445,8.757,100,2101.67993
2000-07-03,8.5068,8.5068,8.2566,8.5068,200,2041.63208
2000-06-30,7.0056,8.1315,7.0056,8.0064,3700,1921.53601
2000-06-29,8.06895,8.1315,7.506,7.6311,100,1831.46399
2000-06-28,7.6311,7.70929,7.1307,7.70929,000,1850.229
2000-06-27,7.506,7.506,7.44345,7.44345,000,1786.42798
2000-06-26,7.506,7.506,7.506,7.506,000,1801.44006
2000-06-23,7.44345,7.506,7.44345,7.506,200,1801.44006
2000-06-22,7.44345,7.506,7.44345,7.506,000,1801.44006
2000-06-21,7.16198,7.53728,7.1307,7.506,000,1801.44006
2000-06-20,7.44345,7.44345,7.1307,7.1307,000,1711.36804
2000-06-19,7.44345,7.44345,7.44345,7.44345,000,1786.42798
2000-06-16,7.506,7.6311,7.44345,7.44345,000,1786.42798
2000-06-15,7.3809,7.56855,7.3809,7.44345,000,1786.42798
2000-06-14,7.3809,7.69365,7.3809,7.69365,000,1846.47607
2000-06-13,7.506,7.7562,7.3809,7.7562,000,1861.48804
2000-06-12,7.506,7.506,7.506,7.506,000,1801.44006
2000-06-09,7.56855,7.69365,7.44345,7.506,000,1801.44006
2000-06-08,7.506,7.506,7.3809,7.3809,000,1771.41602
2000-06-07,7.506,7.6311,7.506,7.6311,000,1831.46399
2000-06-06,7.3809,7.506,7.3809,7.506,000,1801.44006
2000-06-05,7.506,7.506,7.2558,7.2558,000,1741.39209
2000-06-02,7.1307,7.53728,7.1307,7.506,000,1801.44006
2000-06-01,7.0056,7.506,7.0056,7.506,200,1801.44006
2000-05-31,7.506,7.506,7.3809,7.506,100,1801.44006
2000-05-30,7.7562,7.7562,7.3809,7.506,000,1801.44006
2000-05-26,7.506,7.506,7.2558,7.506,100,1801.44006
2000-05-25,7.2558,7.506,7.2558,7.506,000,1801.44006
2000-05-24,7.2558,7.506,7.2558,7.506,200,1801.44006
2000-05-23,7.8813,7.8813,7.3809,7.506,100,1801.44006
2000-05-22,7.3809,7.8813,7.3809,7.8813,000,1891.51208
2000-05-19,7.3809,7.506,7.3809,7.506,000,1801.44006
2000-05-18,7.3809,7.81875,7.3809,7.3809,000,1771.41602
2000-05-17,7.6311,8.0064,7.506,7.506,100,1801.44006
2000-05-16,7.66237,7.66237,7.47473,7.66237,000,1838.97009
2000-05-15,7.7562,7.7562,7.2558,7.6311,000,1831.46399
2000-05-12,7.0056,7.6311,7.0056,7.6311,000,1831.46399
2000-05-11,7.0056,7.2558,6.8805,7.0056,000,1681.34399
2000-05-10,6.94305,7.2558,6.94305,7.06815,000,1696.35608
2000-05-09,6.8805,7.506,6.8805,7.506,200,1801.44006
2000-05-08,6.98996,6.98996,6.8805,6.95869,000,1670.08508
2000-05-05,6.94305,6.95869,6.7554,6.95869,000,1670.08508
2000-05-04,6.94305,6.97433,6.84923,6.97433,000,1673.83801
2000-05-03,6.97433,7.19325,6.8805,6.94305,800,1666.33203
2000-05-02,6.1299,7.06815,6.1299,6.8805,500,1651.32007
2000-05-01,6.8805,6.8805,6.44265,6.44265,000,1546.23608
2000-04-28,6.5052,7.81875,6.5052,7.0056,700,1681.34399
2000-04-27,6.6303,6.8805,6.255,6.6303,700,1591.27197
2000-04-26,6.6303,6.6303,6.1299,6.56775,000,1576.26001
2000-04-25,6.97433,7.0056,6.3801,6.56775,400,1576.26001
2000-04-24,6.53648,6.56775,6.0048,6.0048,000,1441.15198
2000-04-20,6.6303,6.6303,6.53648,6.53648,000,1568.75403
2000-04-19,6.7554,6.91178,6.56775,6.84923,100,1643.81409
2000-04-18,6.1299,6.91178,6.0048,6.6303,000,1591.27197
2000-04-17,5.5044,6.5052,5.5044,6.0048,200,1441.15198
2000-04-14,7.06815,7.19325,6.0048,6.0048,200,1441.15198
2000-04-13,7.06815,7.06815,7.0056,7.06815,100,1696.35608
2000-04-12,7.0056,7.1307,7.0056,7.06815,100,1696.35608
2000-04-11,7.1307,7.19325,6.81795,7.0056,100,1681.34399
2000-04-10,7.2558,7.506,7.0056,7.1307,200,1711.36804
2000-04-07,7.2558,7.56855,7.1307,7.45909,100,1790.18103
2000-04-06,6.44265,7.3809,6.44265,7.0056,100,1681.34399
2000-04-05,5.7546,6.5052,5.7546,6.5052,200,1561.24805
2000-04-04,7.0056,7.0056,5.6295,6.1299,100,1471.17603
2000-04-03,7.19325,7.19325,6.7554,7.03688,000,1688.84998
2000-03-31,7.56855,7.56855,6.7554,6.7554,100,1621.29602
2000-03-30,7.506,8.0064,7.3809,7.3809,000,1771.41602
2000-03-29,7.69365,8.0064,7.506,7.506,000,1801.44006
2000-03-28,7.69365,8.06895,7.1307,7.7562,100,1861.48804
2000-03-27,7.94385,8.2566,7.94385,8.03767,500,1929.04199
2000-03-24,8.06895,8.2566,8.0064,8.1315,400,1951.56006
2000-03-23,8.06895,8.2566,7.506,8.1315,200,1951.56006
2000-03-22,8.2566,8.2566,7.7562,8.06895,000,1936.5481
2000-03-21,8.5068,8.5068,7.506,8.2566,000,1981.58398
2000-03-20,9.3825,9.3825,8.0064,8.5068,000,2041.63208
2000-03-17,9.2574,9.82035,9.2574,9.2574,000,2221.77612
2000-03-16,9.0072,9.5076,8.5068,9.1323,100,2191.75195
2000-03-15,10.008,10.008,8.5068,8.5068,000,2041.63208
2000-03-14,9.57015,10.44585,9.19485,9.8829,300,2371.896
2000-03-13,8.5068,9.31995,8.5068,9.31995,200,2236.78809
2000-03-10,8.03767,8.1315,7.94385,8.1315,100,1951.56006
2000-03-09,7.506,8.03767,7.1307,7.6311,000,1831.46399
2000-03-08,7.8813,7.8813,7.0056,7.0056,100,1681.34399
2000-03-07,8.0064,8.0064,7.8813,8.0064,200,1921.53601
2000-03-06,8.53808,8.53808,7.506,8.0064,200,1921.53601
2000-03-03,8.3817,8.56935,8.0064,8.0064,100,1921.53601
2000-03-02,8.31915,8.3817,8.1315,8.3817,000,2011.60803
2000-03-01,8.3817,8.5068,8.2566,8.3817,100,2011.60803
2000-02-29,8.69445,8.757,7.94385,8.0064,100,1921.53601
2000-02-28,9.3825,9.3825,8.757,8.757,600,2101.67993
2000-02-25,8.8821,9.0072,8.2566,8.53808,800,2049.13794
2000-02-24,8.0064,8.2566,8.0064,8.2566,200,1981.58398
2000-02-23,7.94385,8.1315,7.8813,8.0064,300,1921.53601
2000-02-22,7.8813,8.0064,7.7562,7.94385,600,1906.52405
2000-02-18,6.6303,7.8813,6.6303,7.69365,400,1846.47607
2000-02-17,7.3809,7.3809,6.255,6.6303,100,1591.27197
2000-02-16,7.31835,8.0064,6.7554,7.0056,100,1681.34399
2000-02-15,7.0056,7.8813,7.0056,7.31835,100,1756.40405
2000-02-14,7.7562,7.8813,5.09783,7.0056,1300,1681.34399
2000-02-11,7.0056,7.8813,6.7554,7.8813,100,1891.51208
2000-02-10,7.6311,7.6311,6.47393,6.47393,100,1553.74207
2000-02-09,8.06895,8.06895,7.56855,7.8813,000,1891.51208
2000-02-08,8.19405,8.19405,8.0064,8.06895,100,1936.5481
2000-02-07,7.99076,8.3817,7.8813,8.19405,300,1966.57202
2000-02-04,6.1299,7.506,6.0048,7.2558,200,1741.39209
2000-02-03,5.8797,6.06735,5.7546,6.0048,100,1441.15198
2000-02-02,5.6295,6.0048,5.56695,5.6295,000,1351.08008
2000-02-01,5.44185,5.6295,5.3793,5.5044,000,1321.05603
2000-01-31,5.72333,5.72333,5.2542,5.66078,000,1358.58606
2000-01-28,6.0048,6.0048,5.2542,5.72333,200,1373.59802
2000-01-27,5.94225,6.03608,5.8797,6.0048,200,1441.15198
2000-01-26,5.69205,5.81715,5.56695,5.7546,200,1381.104
2000-01-25,5.56695,5.78588,4.6287,5.47312,4400,1313.55005
2000-01-24,5.6295,5.6295,5.2542,5.31675,100,1276.02002
2000-01-21,5.59823,5.69205,5.5044,5.5044,100,1321.05603
2000-01-20,5.53568,5.53568,5.22293,5.3793,100,1291.03198
2000-01-19,5.53568,5.56695,5.004,5.53568,200,1328.56201
2000-01-18,5.1291,5.5044,5.004,5.47312,100,1313.55005
2000-01-14,5.6295,6.0048,4.8789,5.1291,100,1230.98401
2000-01-13,5.004,5.8797,5.004,5.3793,100,1291.03198
2000-01-12,4.56615,4.94145,4.1283,4.8789,400,1170.93604
2000-01-11,4.56615,4.94145,4.56615,4.6287,300,1110.88806
2000-01-10,5.06655,5.06655,4.44105,4.56615,100,1095.87598
2000-01-07,4.81635,5.06655,4.81635,5.004,000,1200.96008
2000-01-06,5.1291,5.1291,4.47233,4.47233,000,1073.35803
2000-01-05,4.69125,5.004,4.59742,5.004,100,1200.96008
2000-01-04,5.004,5.1291,4.69125,4.69125,100,1125.90002
2000-01-03,5.22293,5.31675,4.8789,5.1291,100,1230.98401
1999-12-31,5.004,5.2542,4.8789,4.8789,000,1170.93604
1999-12-30,5.3793,5.3793,4.7538,5.1291,100,1230.98401
1999-12-29,4.94145,5.3793,4.56615,4.72253,300,1133.40601
1999-12-28,5.31675,5.3793,4.94145,4.94145,000,1185.948
1999-12-27,4.94145,5.69205,4.8789,4.8789,300,1170.93604
1999-12-23,4.1283,5.004,4.1283,4.6287,300,1110.88806
1999-12-22,4.94145,4.94145,3.5028,4.06575,4500,975.78003
1999-12-21,5.3793,5.6295,4.5036,4.5036,200,1080.86401
1999-12-20,5.3793,5.6295,5.1291,5.2542,300,1261.00806
1999-12-17,5.19165,6.0048,4.94145,4.97272,500,1193.45398
1999-12-16,4.6287,6.1299,4.6287,5.09783,1100,1223.47803
1999-12-15,4.0032,4.6287,3.8781,4.56615,700,1095.87598
1999-12-14,3.8781,4.06575,3.56535,3.94065,600,945.75604
1999-12-13,3.2526,4.0032,3.03367,3.81555,400,915.73199
1999-12-10,3.5028,3.5028,3.03367,3.03367,000,728.08203
1999-12-09,3.1275,3.69045,3.1275,3.5028,300,840.672
1999-12-08,3.44025,3.59663,3.0024,3.1275,400,750.60004
1999-12-07,2.68965,3.5028,2.68965,3.5028,600,840.672
1999-12-06,2.47073,2.8773,2.47073,2.7522,100,660.52802
1999-12-03,2.47073,2.6271,2.43945,2.47073,400,592.974
1999-12-02,2.28308,2.53328,2.28308,2.53328,200,607.98602
1999-12-01,2.22053,2.3769,2.22053,2.28308,100,547.93799
1999-11-30,2.18925,2.3769,2.18925,2.2518,600,540.43201
1999-11-29,2.0016,2.28308,1.93905,2.28308,700,547.93799
1999-11-26,1.97032,2.0016,1.7514,1.93905,000,465.37201
1999-11-24,2.0016,2.06415,1.97032,2.03288,100,487.89001
1999-11-23,2.2518,2.31435,1.97032,2.03288,200,487.89001
1999-11-22,2.09543,2.18925,2.0016,2.18925,100,525.41998
1999-11-19,2.06415,2.09543,2.03288,2.06415,000,495.396
1999-11-18,2.0016,2.09543,2.0016,2.06415,000,495.396
1999-11-17,2.0016,2.1267,1.93905,2.0016,100,480.384
1999-11-16,2.1267,2.1267,1.81395,2.0016,1100,480.384
1999-11-15,2.2518,2.2518,1.93905,2.1267,100,510.40802
1999-11-12,2.1267,2.40817,2.1267,2.15797,400,517.914
1999-11-11,2.03288,2.40817,2.0016,2.18925,100,525.41998
1999-11-10,1.97032,2.03288,1.90778,2.03288,000,487.89001
1999-11-09,1.90778,1.97032,1.90778,1.90778,000,457.866
1999-11-08,2.0016,2.1267,1.90778,2.0016,200,480.384
1999-11-05,1.81395,2.03288,1.78268,1.97032,200,472.87802
1999-11-04,1.93905,2.06415,1.81395,1.81395,200,435.34802
1999-11-03,2.03288,2.1267,1.81395,1.93905,200,465.37201
1999-11-02,1.81395,2.1267,1.7514,2.0016,2300,480.384
1999-11-01,1.6263,2.0016,1.6263,1.68885,200,405.32401
1999-10-29,1.93905,2.03288,1.65758,1.65758,200,397.81799
1999-10-28,1.81395,2.0016,1.65758,2.0016,100,480.384
1999-10-27,1.81395,2.1267,1.81395,2.0016,200,480.384
1999-10-26,1.93905,1.93905,1.56375,1.68885,000,405.32401
1999-10-25,1.8765,2.18925,1.8765,1.93905,200,465.37201
1999-10-22,2.0016,2.03288,1.56375,1.56375,200,375.30002
1999-10-21,2.0016,2.06415,1.78268,2.0016,200,480.384
1999-10-20,2.06415,2.18925,1.8765,2.06415,100,495.396
1999-10-19,2.56455,2.6271,2.0016,2.03288,100,487.89001
1999-10-18,2.56455,2.81475,2.2518,2.31435,100,555.44403
1999-10-15,3.5028,3.53408,2.31435,2.502,1300,600.48004
1999-10-14,2.3769,3.753,2.2518,3.3777,2600,810.64801
1999-10-13,2.28308,2.56455,2.22053,2.2518,100,540.43201
1999-10-12,2.40817,2.40817,2.22053,2.22053,300,532.92603
1999-10-11,2.6271,2.8773,2.3769,2.40817,100,577.96204
1999-10-08,1.97032,2.0016,1.8765,1.93905,000,465.37201
1999-10-07,2.0016,2.0016,1.8765,1.8765,000,450.36002
1999-10-06,2.1267,2.22053,1.8765,1.90778,200,457.866
1999-10-05,2.2518,2.31435,1.8765,2.09543,400,502.90201
1999-10-04,2.43945,2.43945,2.3769,2.3769,000,570.45599
1999-10-01,2.43945,2.502,2.22053,2.22053,100,532.92603
1999-09-30,2.3769,2.8773,2.3769,2.8773,500,690.552
1999-09-29,2.502,2.502,2.1267,2.22053,000,532.92603
1999-09-28,2.0016,2.2518,2.0016,2.22053,000,532.92603
1999-09-27,2.3769,2.502,2.18925,2.2518,100,540.43201
1999-09-24,2.31435,2.502,2.2518,2.31435,100,555.44403
1999-09-23,2.502,2.502,2.3769,2.3769,000,570.45599
1999-09-22,2.81475,3.0024,2.1267,2.502,200,600.48004
1999-09-21,3.56535,3.56535,3.1275,3.1275,000,750.60004
1999-09-20,3.65918,4.0032,3.56535,3.56535,100,855.68402
1999-09-17,4.0032,4.0032,3.56535,3.56535,000,855.68402
1999-09-16,4.0032,4.0032,3.753,3.753,000,900.72003
1999-09-15,4.3785,4.3785,3.94065,4.0032,000,960.76801
1999-09-14,3.94065,4.3785,3.8781,4.3785,400,1050.83997
1999-09-13,4.2534,4.2534,3.94065,3.94065,000,945.75604
1999-09-10,3.753,4.7538,3.753,4.3785,200,1050.83997
1999-09-09,4.5036,4.5036,3.753,3.753,300,900.72003
1999-09-08,5.004,5.004,4.06575,4.28468,000,1028.32202
1999-09-07,5.004,5.03527,4.5036,5.004,100,1200.96008
1999-09-03,1.1232,1.1544,1.0296,1.0296,100,988.41602
1999-09-02,1.1232,1.248,1.014,1.2168,200,1168.12805
1999-09-01,0.9984,1.2636,0.9984,1.248,200,1198.07996
1999-08-31,1.0608,1.1856,0.9984,0.9984,100,958.46399
1999-08-30,1.092,1.092,0.9984,0.9984,000,958.46399
1999-08-27,1.1232,1.1388,0.9672,1.0608,100,1018.36798
1999-08-26,1.2012,1.2168,1.1232,1.2168,000,1168.12805
1999-08-25,1.404,1.404,1.1544,1.1856,000,1138.17603
1999-08-24,1.248,1.4976,1.1856,1.3728,200,1317.88806
1999-08-23,1.1856,1.248,1.1232,1.1856,200,1138.17603
                                                                                                                                                                                        